64 234 34 99 54 184 110 8 299 286 24 246 210 62 220 193 150 225 171 263 267 261 198 19 113 53 32 172 40 222 202 254 268 86 243 109 117 195 23 269 93 118 81 291 124 248 20 264 115 55 67 17 297 251 231 47 270 46 194 178 9 247 175 165 2 
42 221 179 108 87 164 88 72 4 161 58 56 144 38 18 44 166 230 128 284 122 14 157 158 191 253 298 114 70 45 255 51 66 252 186 229 279 97 37 293 211 132 130 
32 36 216 0 13 227 107 57 232 281 102 64 185 3 27 22 190 235 83 199 238 182 280 100 215 126 262 143 189 52 173 169 274 
32 167 275 80 294 92 218 187 200 226 188 29 28 241 239 26 236 177 237 147 76 25 139 181 78 192 145 142 176 30 135 153 183 
27 168 41 134 148 133 95 105 63 79 91 96 244 82 209 163 73 140 42 101 287 35 250 43 69 278 77 151 
19 65 116 7 159 276 74 129 277 217 295 258 6 283 5 219 152 288 123 49 
20 180 103 203 137 125 245 174 204 68 61 90 131 31 104 71 256 240 94 84 149 
18 33 212 162 259 273 60 21 214 121 50 170 48 119 16 292 141 233 257 
16 296 85 249 75 127 15 285 224 146 207 197 138 289 120 272 208 
13 136 290 156 39 282 111 89 201 266 106 228 206 1 
7 260 213 11 10 205 223 155 
4 271 160 98 12 
2 265 59 
1 242 
2 112 154 
1 196 
0 
0 
0 
0 
0 
0 
0 
0 
0 
0 
0 
0 
0 
0 
0 
0 
0 
0 
0 
0 
0 
0 
0 
0 
0 
0 
0 
0 
0 
0 
0 
0 
0 
0 
0 
0 
0 
0 
0 
0 
0 
0 
0 
0 
0 
0 
0 
0 
0 
0 
0 
0 
0 
0 
0 
0 
0 
0 
0 
0 
0 
0 
0 
0 
0 
0 
0 
0 
0 
0 
0 
0 
0 
0 
0 
0 
0 
0 
0 
0 
0 
0 
0 
0 
