4038
0 0 11 0
12 0 23 0
24 0 35 0
42 0 53 0
54 0 65 0
66 0 77 0
78 0 89 0
96 0 101 1
102 0 113 0
114 0 125 0
126 0 137 0
138 0 149 0
150 0 161 0
163 0 174 0
176 0 187 0
188 0 199 0
0 1 11 1
12 1 23 1
24 1 35 1
36 1 47 1
48 1 59 1
60 1 71 1
72 1 83 1
84 1 95 1
102 1 113 1
119 1 130 1
131 1 142 1
143 1 154 1
155 1 166 1
167 1 178 1
0 2 11 2
12 2 23 2
26 2 37 2
38 2 49 2
50 2 61 2
62 2 73 2
76 2 87 2
88 2 99 2
100 2 111 2
112 2 123 2
124 2 135 2
136 2 147 2
148 2 159 2
160 2 171 2
172 2 183 2
188 2 199 2
0 3 1 8
2 3 13 3
14 3 25 3
26 3 37 3
38 3 49 3
50 3 61 3
62 3 73 3
74 3 85 3
87 3 98 3
99 3 110 3
111 3 122 3
123 3 134 3
135 3 146 3
147 3 158 3
159 3 170 3
171 3 182 3
183 3 194 3
2 4 13 4
14 4 25 4
26 4 31 5
32 4 37 5
38 4 43 5
44 4 55 4
56 4 67 4
68 4 79 4
80 4 91 4
92 4 103 4
104 4 115 4
116 4 127 4
128 4 139 4
140 4 151 4
152 4 163 4
164 4 175 4
176 4 187 4
188 4 199 4
2 5 13 5
14 5 25 5
44 5 55 5
56 5 67 5
68 5 79 5
80 5 91 5
92 5 103 5
104 5 115 5
116 5 127 5
128 5 139 5
141 5 152 5
153 5 164 5
166 5 171 6
172 5 177 6
178 5 189 5
191 5 196 6
197 5 199 8
2 6 13 6
14 6 25 6
26 6 37 6
38 6 49 6
50 6 61 6
66 6 77 6
78 6 89 6
90 6 101 6
102 6 113 6
114 6 125 6
130 6 141 6
142 6 153 6
154 6 165 6
178 6 189 6
2 7 13 7
14 7 19 8
20 7 31 7
32 7 43 7
44 7 55 7
56 7 67 7
68 7 79 7
80 7 91 7
92 7 97 8
98 7 109 7
110 7 121 7
122 7 133 7
134 7 145 7
146 7 157 7
158 7 169 7
170 7 181 7
182 7 193 7
2 8 13 8
20 8 31 8
32 8 43 8
44 8 55 8
56 8 67 8
68 8 79 8
80 8 91 8
98 8 109 8
110 8 121 8
122 8 133 8
134 8 145 8
148 8 159 8
160 8 171 8
172 8 183 8
184 8 195 8
0 9 0 20
1 9 2 14
3 9 3 20
4 9 4 20
5 9 6 14
7 9 18 9
19 9 30 9
31 9 42 9
43 9 54 9
55 9 66 9
67 9 78 9
79 9 90 9
91 9 102 9
103 9 114 9
115 9 126 9
127 9 138 9
139 9 150 9
151 9 162 9
163 9 174 9
175 9 186 9
187 9 198 9
7 10 18 10
19 10 30 10
31 10 42 10
43 10 48 11
49 10 60 10
61 10 66 11
67 10 78 10
79 10 84 11
85 10 96 10
98 10 103 11
107 10 118 10
119 10 130 10
131 10 142 10
143 10 154 10
155 10 166 10
167 10 178 10
179 10 190 10
191 10 196 11
197 10 199 13
7 11 18 11
19 11 30 11
31 11 42 11
49 11 60 11
67 11 78 11
86 11 97 11
104 11 115 11
116 11 127 11
128 11 139 11
140 11 151 11
152 11 163 11
165 11 176 11
177 11 188 11
7 12 18 12
19 12 30 12
31 12 42 12
43 12 54 12
55 12 55 23
56 12 56 23
57 12 68 12
69 12 80 12
83 12 94 12
95 12 106 12
109 12 112 14
125 12 130 13
131 12 136 13
137 12 148 12
149 12 160 12
161 12 172 12
173 12 184 12
185 12 196 12
7 13 18 13
19 13 30 13
31 13 42 13
43 13 54 13
57 13 68 13
69 13 70 18
71 13 82 13
83 13 84 18
85 13 96 13
97 13 108 13
113 13 124 13
137 13 148 13
149 13 160 13
161 13 172 13
173 13 184 13
185 13 196 13
7 14 18 14
21 14 32 14
33 14 44 14
45 14 45 25
46 14 46 25
47 14 47 25
48 14 48 25
49 14 49 25
50 14 50 25
51 14 51 25
52 14 52 25
53 14 53 25
54 14 54 25
57 14 68 14
71 14 82 14
85 14 96 14
97 14 108 14
113 14 124 14
125 14 136 14
137 14 148 14
149 14 160 14
161 14 172 14
174 14 185 14
186 14 197 14
1 15 1 26
2 15 2 26
5 15 16 15
17 15 28 15
29 15 29 26
30 15 30 26
31 15 42 15
43 15 43 26
44 15 44 26
57 15 68 15
71 15 82 15
85 15 90 16
94 15 105 15
107 15 118 15
119 15 130 15
131 15 142 15
143 15 154 15
156 15 167 15
168 15 179 15
180 15 191 15
5 16 16 16
17 16 28 16
31 16 42 16
57 16 68 16
71 16 82 16
91 16 102 16
103 16 114 16
117 16 128 16
129 16 140 16
141 16 152 16
155 16 166 16
168 16 179 16
180 16 191 16
5 17 6 22
7 17 7 28
8 17 8 28
9 17 9 28
10 17 10 28
11 17 11 28
12 17 12 28
13 17 13 28
14 17 14 28
15 17 26 17
27 17 27 28
28 17 28 28
31 17 42 17
57 17 68 17
71 17 82 17
85 17 96 17
97 17 108 17
109 17 120 17
129 17 134 18
135 17 146 17
147 17 158 17
159 17 170 17
173 17 178 18
179 17 184 18
185 17 196 17
197 17 199 20
15 18 15 29
16 18 16 29
17 18 17 29
18 18 18 29
19 18 19 29
20 18 20 29
21 18 21 29
22 18 22 29
23 18 23 29
24 18 24 29
25 18 25 29
26 18 26 29
31 18 42 18
57 18 68 18
71 18 82 18
85 18 96 18
105 18 116 18
117 18 128 18
135 18 146 18
148 18 159 18
161 18 172 18
190 18 195 19
31 19 42 19
57 19 68 19
69 19 74 20
75 19 80 20
81 19 92 19
93 19 104 19
105 19 116 19
117 19 128 19
129 19 140 19
142 19 153 19
154 19 165 19
166 19 177 19
178 19 189 19
31 20 42 20
57 20 68 20
81 20 92 20
93 20 98 21
99 20 110 20
111 20 122 20
123 20 134 20
135 20 146 20
147 20 158 20
161 20 166 21
167 20 172 21
173 20 184 20
185 20 196 20
0 21 0 32
3 21 3 32
4 21 4 32
31 21 42 21
57 21 60 23
61 21 66 22
67 21 78 21
79 21 90 21
101 21 112 21
113 21 124 21
125 21 136 21
137 21 148 21
149 21 160 21
173 21 184 21
185 21 196 21
31 22 42 22
70 22 81 22
82 22 93 22
94 22 105 22
106 22 117 22
124 22 135 22
136 22 147 22
148 22 159 22
160 22 171 22
179 22 190 22
195 22 199 23
5 23 5 34
6 23 6 34
31 23 42 23
61 23 72 23
73 23 84 23
85 23 96 23
97 23 108 23
109 23 120 23
123 23 134 23
135 23 146 23
147 23 158 23
159 23 170 23
171 23 182 23
183 23 194 23
31 24 42 24
55 24 66 24
67 24 78 24
79 24 90 24
91 24 102 24
103 24 114 24
115 24 126 24
127 24 138 24
139 24 150 24
151 24 162 24
163 24 168 25
169 24 180 24
193 24 198 25
31 25 42 25
55 25 66 25
67 25 78 25
79 25 90 25
91 25 102 25
103 25 114 25
115 25 126 25
127 25 138 25
139 25 150 25
151 25 162 25
169 25 180 25
181 25 192 25
31 26 42 26
45 26 56 26
57 26 68 26
69 26 80 26
81 26 92 26
93 26 104 26
105 26 116 26
117 26 128 26
130 26 141 26
142 26 153 26
154 26 165 26
166 26 177 26
178 26 189 26
194 26 199 27
1 27 1 38
2 27 2 38
29 27 29 38
30 27 30 38
31 27 42 27
43 27 48 28
49 27 60 27
61 27 72 27
74 27 85 27
86 27 97 27
98 27 109 27
110 27 121 27
122 27 133 27
134 27 145 27
146 27 157 27
158 27 169 27
170 27 181 27
182 27 193 27
31 28 42 28
49 28 60 28
63 28 74 28
75 28 86 28
87 28 98 28
100 28 111 28
114 28 125 28
126 28 137 28
143 28 154 28
158 28 163 29
164 28 175 28
176 28 181 29
182 28 187 29
188 28 199 28
7 29 7 40
8 29 8 40
9 29 9 40
10 29 10 40
11 29 11 40
12 29 12 40
13 29 13 40
14 29 14 40
27 29 27 40
28 29 28 40
31 29 42 29
43 29 54 29
55 29 66 29
67 29 78 29
79 29 90 29
91 29 102 29
110 29 121 29
122 29 133 29
134 29 145 29
146 29 157 29
164 29 175 29
188 29 199 29
15 30 26 30
31 30 31 41
32 30 32 41
33 30 44 30
45 30 56 30
57 30 58 35
59 30 70 30
71 30 82 30
83 30 94 30
95 30 106 30
107 30 118 30
119 30 130 30
131 30 142 30
143 30 154 30
155 30 166 30
167 30 178 30
179 30 190 30
191 30 196 31
197 30 198 35
199 30 199 41
15 31 26 31
33 31 44 31
45 31 56 31
59 31 70 31
71 31 82 31
83 31 94 31
95 31 106 31
107 31 118 31
119 31 130 31
131 31 142 31
143 31 154 31
155 31 166 31
167 31 178 31
179 31 190 31
15 32 26 32
33 32 44 32
45 32 56 32
59 32 70 32
71 32 82 32
87 32 98 32
99 32 110 32
111 32 122 32
123 32 134 32
138 32 149 32
150 32 161 32
168 32 179 32
180 32 191 32
0 33 0 44
3 33 3 44
4 33 4 44
15 33 26 33
33 33 44 33
45 33 56 33
59 33 70 33
71 33 82 33
83 33 94 33
95 33 106 33
107 33 118 33
119 33 124 34
142 33 153 33
154 33 165 33
173 33 178 34
179 33 190 33
191 33 196 34
15 34 26 34
33 34 44 34
45 34 56 34
59 34 70 34
71 34 82 34
83 34 94 34
95 34 106 34
107 34 118 34
125 34 136 34
137 34 148 34
149 34 160 34
161 34 172 34
179 34 190 34
5 35 5 46
6 35 6 46
15 35 26 35
33 35 44 35
45 35 56 35
60 35 71 35
72 35 83 35
84 35 95 35
96 35 107 35
108 35 119 35
120 35 131 35
132 35 143 35
147 35 158 35
159 35 170 35
171 35 182 35
183 35 194 35
15 36 26 36
33 36 44 36
45 36 56 36
57 36 68 36
69 36 80 36
81 36 92 36
93 36 104 36
105 36 110 37
111 36 122 36
123 36 128 37
129 36 140 36
141 36 152 36
153 36 164 36
165 36 176 36
177 36 188 36
191 36 196 37
15 37 26 37
33 37 44 37
45 37 56 37
57 37 68 37
69 37 80 37
81 37 92 37
93 37 104 37
111 37 122 37
129 37 140 37
141 37 152 37
153 37 164 37
165 37 176 37
178 37 189 37
15 38 26 38
33 38 44 38
45 38 56 38
61 38 72 38
75 38 86 38
92 38 103 38
104 38 115 38
116 38 127 38
128 38 139 38
140 38 151 38
152 38 163 38
164 38 175 38
176 38 187 38
190 38 195 39
196 38 198 41
1 39 1 50
2 39 2 50
15 39 26 39
29 39 29 50
30 39 30 50
33 39 44 39
45 39 56 39
57 39 68 39
69 39 80 39
81 39 92 39
93 39 104 39
105 39 116 39
117 39 128 39
129 39 140 39
141 39 152 39
153 39 164 39
166 39 177 39
178 39 189 39
15 40 26 40
33 40 38 41
39 40 50 40
51 40 62 40
63 40 74 40
75 40 86 40
87 40 98 40
99 40 110 40
111 40 122 40
123 40 134 40
135 40 146 40
147 40 158 40
159 40 170 40
171 40 182 40
183 40 194 40
7 41 7 52
8 41 8 52
9 41 9 52
10 41 10 52
11 41 11 52
12 41 23 41
24 41 24 52
25 41 25 52
26 41 26 52
27 41 27 52
28 41 28 52
39 41 50 41
51 41 62 41
64 41 75 41
76 41 87 41
88 41 99 41
100 41 111 41
114 41 125 41
126 41 137 41
138 41 149 41
153 41 164 41
166 41 177 41
178 41 189 41
12 42 23 42
31 42 42 42
43 42 54 42
55 42 56 47
57 42 68 42
69 42 80 42
81 42 92 42
93 42 104 42
105 42 116 42
117 42 128 42
130 42 141 42
142 42 153 42
160 42 171 42
172 42 183 42
184 42 195 42
12 43 23 43
31 43 42 43
43 43 54 43
57 43 62 44
63 43 68 44
69 43 71 46
72 43 83 43
84 43 89 44
92 43 103 43
104 43 115 43
116 43 127 43
128 43 139 43
140 43 151 43
152 43 163 43
164 43 175 43
176 43 187 43
188 43 199 43
12 44 23 44
31 44 42 44
43 44 54 44
72 44 83 44
93 44 104 44
105 44 116 44
117 44 128 44
129 44 140 44
141 44 152 44
153 44 164 44
165 44 176 44
177 44 188 44
192 44 197 45
0 45 0 56
3 45 3 56
4 45 4 56
12 45 17 46
18 45 23 46
31 45 33 48
34 45 36 48
37 45 48 45
49 45 54 46
57 45 68 45
72 45 83 45
84 45 95 45
96 45 107 45
108 45 119 45
120 45 131 45
132 45 143 45
144 45 155 45
156 45 167 45
168 45 179 45
180 45 191 45
37 46 48 46
57 46 68 46
72 46 83 46
84 46 95 46
96 46 107 46
108 46 119 46
120 46 131 46
132 46 143 46
145 46 156 46
157 46 168 46
169 46 180 46
181 46 192 46
193 46 198 47
5 47 5 58
6 47 6 58
12 47 23 47
37 47 48 47
49 47 54 48
57 47 68 47
69 47 80 47
81 47 92 47
93 47 104 47
105 47 116 47
117 47 128 47
129 47 140 47
141 47 152 47
153 47 164 47
165 47 176 47
177 47 188 47
12 48 23 48
37 48 48 48
55 48 66 48
67 48 78 48
79 48 90 48
91 48 102 48
103 48 114 48
115 48 126 48
127 48 138 48
139 48 150 48
151 48 162 48
163 48 174 48
176 48 187 48
188 48 199 48
12 49 23 49
31 49 42 49
43 49 54 49
55 49 66 49
67 49 78 49
79 49 90 49
91 49 102 49
103 49 108 50
110 49 121 49
122 49 133 49
134 49 145 49
147 49 158 49
159 49 170 49
171 49 182 49
183 49 194 49
195 49 199 50
12 50 23 50
31 50 42 50
43 50 54 50
55 50 66 50
67 50 78 50
79 50 90 50
91 50 102 50
109 50 120 50
121 50 132 50
133 50 144 50
145 50 156 50
157 50 168 50
169 50 180 50
181 50 192 50
1 51 1 62
2 51 2 62
12 51 23 51
29 51 40 51
41 51 52 51
53 51 64 51
65 51 76 51
77 51 88 51
89 51 100 51
101 51 112 51
113 51 124 51
125 51 136 51
137 51 148 51
150 51 161 51
162 51 173 51
174 51 185 51
186 51 197 51
12 52 23 52
29 52 40 52
41 52 52 52
53 52 64 52
66 52 77 52
78 52 89 52
90 52 101 52
102 52 113 52
114 52 125 52
126 52 137 52
138 52 149 52
150 52 161 52
162 52 173 52
175 52 180 53
181 52 186 53
187 52 198 52
7 53 18 53
19 53 30 53
31 53 36 54
37 53 48 53
49 53 60 53
61 53 66 54
67 53 78 53
79 53 90 53
91 53 102 53
103 53 114 53
115 53 126 53
127 53 138 53
139 53 150 53
151 53 162 53
163 53 174 53
187 53 198 53
7 54 18 54
19 54 30 54
37 54 48 54
49 54 60 54
67 54 78 54
79 54 90 54
91 54 102 54
103 54 114 54
115 54 120 55
121 54 126 55
127 54 138 54
139 54 150 54
151 54 162 54
163 54 174 54
175 54 186 54
187 54 198 54
7 55 18 55
19 55 24 56
25 55 36 55
37 55 48 55
49 55 60 55
61 55 72 55
73 55 84 55
85 55 90 56
91 55 102 55
103 55 114 55
127 55 132 56
133 55 144 55
146 55 157 55
158 55 169 55
170 55 181 55
182 55 193 55
194 55 199 56
7 56 18 56
25 56 36 56
43 56 48 57
49 56 60 56
61 56 72 56
73 56 84 56
91 56 102 56
103 56 114 56
115 56 126 56
133 56 144 56
146 56 157 56
158 56 169 56
170 56 181 56
182 56 193 56
0 57 0 68
3 57 3 68
4 57 4 68
7 57 18 57
19 57 30 57
31 57 42 57
49 57 60 57
61 57 72 57
73 57 84 57
86 57 97 57
98 57 109 57
110 57 121 57
122 57 133 57
134 57 145 57
146 57 157 57
158 57 169 57
170 57 181 57
182 57 193 57
197 57 199 60
7 58 18 58
19 58 30 58
31 58 42 58
43 58 54 58
55 58 66 58
67 58 78 58
79 58 90 58
94 58 105 58
106 58 117 58
118 58 129 58
131 58 142 58
143 58 154 58
155 58 166 58
167 58 178 58
179 58 190 58
191 58 196 59
5 59 16 59
17 59 28 59
29 59 40 59
41 59 52 59
53 59 58 60
59 59 64 60
65 59 76 59
77 59 88 59
89 59 100 59
101 59 112 59
113 59 118 60
119 59 130 59
131 59 142 59
143 59 154 59
155 59 166 59
167 59 178 59
179 59 190 59
5 60 16 60
17 60 28 60
29 60 40 60
41 60 52 60
65 60 70 61
71 60 82 60
83 60 94 60
95 60 106 60
107 60 112 61
119 60 130 60
131 60 142 60
143 60 154 60
155 60 166 60
167 60 178 60
183 60 194 60
5 61 16 61
17 61 28 61
29 61 40 61
41 61 52 61
53 61 64 61
71 61 82 61
83 61 94 61
95 61 106 61
113 61 124 61
125 61 136 61
137 61 148 61
151 61 162 61
163 61 174 61
175 61 186 61
187 61 198 61
5 62 16 62
17 62 28 62
29 62 30 67
31 62 42 62
43 62 54 62
55 62 56 67
57 62 58 67
59 62 70 62
71 62 82 62
83 62 94 62
95 62 106 62
111 62 122 62
123 62 134 62
135 62 146 62
147 62 158 62
159 62 170 62
171 62 182 62
183 62 194 62
195 62 198 64
1 63 1 74
2 63 2 74
5 63 16 63
17 63 28 63
31 63 42 63
43 63 54 63
59 63 62 65
63 63 74 63
75 63 86 63
87 63 98 63
99 63 110 63
111 63 122 63
123 63 134 63
135 63 146 63
147 63 158 63
159 63 170 63
171 63 182 63
183 63 194 63
5 64 16 64
17 64 28 64
31 64 42 64
43 64 54 64
63 64 74 64
75 64 86 64
87 64 92 65
93 64 104 64
105 64 116 64
117 64 128 64
129 64 140 64
141 64 152 64
153 64 164 64
165 64 176 64
177 64 188 64
189 64 194 65
5 65 16 65
17 65 28 65
31 65 42 65
43 65 54 65
63 65 74 65
75 65 86 65
93 65 104 65
105 65 116 65
117 65 128 65
129 65 140 65
141 65 152 65
153 65 164 65
167 65 172 66
173 65 184 65
5 66 16 66
17 66 28 66
31 66 42 66
43 66 54 66
59 66 70 66
71 66 82 66
83 66 94 66
95 66 106 66
107 66 118 66
119 66 130 66
131 66 142 66
143 66 154 66
155 66 166 66
173 66 184 66
185 66 196 66
5 67 10 68
11 67 22 67
23 67 28 68
31 67 42 67
43 67 54 67
59 67 70 67
71 67 82 67
83 67 94 67
95 67 106 67
111 67 122 67
123 67 134 67
135 67 146 67
148 67 159 67
160 67 171 67
178 67 183 68
184 67 195 67
196 67 199 69
11 68 22 68
29 68 40 68
41 68 52 68
53 68 64 68
65 68 76 68
77 68 88 68
90 68 101 68
102 68 113 68
114 68 125 68
130 68 141 68
142 68 153 68
154 68 165 68
166 68 177 68
0 69 0 80
3 69 14 69
15 69 15 80
16 69 27 69
28 69 39 69
40 69 51 69
52 69 63 69
64 69 75 69
76 69 87 69
88 69 99 69
100 69 111 69
112 69 123 69
124 69 135 69
136 69 147 69
148 69 159 69
160 69 171 69
172 69 183 69
184 69 195 69
3 70 3 81
4 70 4 81
5 70 5 81
6 70 6 81
7 70 7 81
8 70 8 81
9 70 9 81
10 70 10 81
11 70 11 81
12 70 12 81
13 70 13 81
14 70 14 81
16 70 27 70
28 70 39 70
40 70 51 70
53 70 64 70
65 70 76 70
80 70 91 70
92 70 103 70
112 70 117 71
122 70 133 70
134 70 145 70
146 70 157 70
158 70 163 71
164 70 169 71
170 70 181 70
182 70 187 71
188 70 199 70
16 71 27 71
28 71 39 71
40 71 51 71
52 71 63 71
64 71 75 71
76 71 87 71
88 71 99 71
100 71 111 71
119 71 130 71
131 71 142 71
146 71 157 71
170 71 181 71
188 71 199 71
16 72 17 77
18 72 19 77
20 72 31 72
32 72 43 72
44 72 55 72
56 72 67 72
68 72 79 72
80 72 91 72
92 72 103 72
104 72 115 72
116 72 127 72
128 72 139 72
140 72 151 72
152 72 163 72
164 72 175 72
177 72 188 72
191 72 196 73
197 72 198 77
20 73 31 73
32 73 37 74
38 73 49 73
50 73 61 73
62 73 73 73
74 73 85 73
86 73 97 73
98 73 109 73
110 73 115 74
116 73 121 74
122 73 127 74
129 73 140 73
143 73 154 73
155 73 166 73
167 73 178 73
179 73 190 73
20 74 31 74
38 74 49 74
50 74 61 74
62 74 73 74
74 74 85 74
86 74 97 74
98 74 109 74
128 74 139 74
140 74 151 74
152 74 163 74
164 74 175 74
176 74 187 74
1 75 1 86
2 75 2 86
20 75 31 75
32 75 43 75
44 75 55 75
56 75 67 75
68 75 73 76
74 75 85 75
86 75 97 75
100 75 111 75
112 75 123 75
124 75 135 75
136 75 147 75
148 75 159 75
160 75 171 75
172 75 183 75
185 75 196 75
20 76 31 76
32 76 43 76
44 76 55 76
56 76 67 76
79 76 90 76
91 76 102 76
103 76 114 76
115 76 126 76
127 76 138 76
141 76 152 76
153 76 164 76
165 76 176 76
177 76 188 76
191 76 196 77
20 77 31 77
32 77 43 77
44 77 55 77
64 77 69 78
70 77 81 77
82 77 93 77
94 77 105 77
106 77 117 77
118 77 129 77
130 77 135 78
136 77 147 77
148 77 159 77
160 77 171 77
173 77 178 78
179 77 190 77
16 78 27 78
28 78 39 78
40 78 51 78
52 78 63 78
70 78 81 78
82 78 93 78
94 78 105 78
106 78 117 78
118 78 129 78
136 78 147 78
148 78 159 78
161 78 172 78
179 78 190 78
191 78 196 79
16 79 27 79
28 79 39 79
40 79 51 79
52 79 63 79
64 79 75 79
76 79 87 79
88 79 99 79
100 79 111 79
118 79 129 79
130 79 141 79
142 79 153 79
154 79 165 79
166 79 177 79
178 79 189 79
20 80 31 80
32 80 43 80
44 80 55 80
56 80 67 80
68 80 79 80
80 80 91 80
92 80 103 80
104 80 115 80
116 80 127 80
128 80 139 80
140 80 151 80
152 80 163 80
164 80 175 80
176 80 187 80
188 80 199 80
0 81 0 92
15 81 26 81
32 81 43 81
44 81 55 81
56 81 67 81
68 81 79 81
80 81 91 81
99 81 110 81
111 81 122 81
126 81 131 82
142 81 153 81
154 81 165 81
166 81 177 81
178 81 189 81
193 81 198 82
3 82 3 93
4 82 15 82
16 82 27 82
28 82 39 82
40 82 40 93
41 82 41 93
42 82 53 82
54 82 65 82
66 82 77 82
78 82 89 82
90 82 101 82
102 82 113 82
114 82 125 82
133 82 144 82
145 82 156 82
157 82 168 82
169 82 180 82
181 82 192 82
4 83 15 83
16 83 16 94
17 83 28 83
29 83 29 94
30 83 30 94
31 83 31 94
32 83 32 94
33 83 33 94
34 83 34 94
35 83 35 94
36 83 36 94
37 83 37 94
38 83 38 94
39 83 39 94
42 83 53 83
54 83 65 83
66 83 77 83
78 83 89 83
90 83 101 83
102 83 113 83
114 83 125 83
126 83 137 83
138 83 149 83
150 83 161 83
162 83 173 83
174 83 185 83
186 83 197 83
4 84 4 95
5 84 5 95
6 84 6 95
7 84 7 95
8 84 8 95
9 84 9 95
10 84 10 95
11 84 11 95
12 84 12 95
13 84 13 95
14 84 14 95
15 84 15 95
17 84 28 84
42 84 53 84
54 84 65 84
66 84 77 84
78 84 89 84
90 84 101 84
102 84 113 84
114 84 125 84
126 84 137 84
138 84 149 84
150 84 161 84
162 84 173 84
175 84 180 85
181 84 192 84
194 84 199 85
17 85 28 85
42 85 53 85
54 85 65 85
66 85 77 85
78 85 89 85
90 85 101 85
103 85 114 85
115 85 126 85
127 85 138 85
139 85 150 85
151 85 162 85
163 85 174 85
181 85 192 85
17 86 28 86
42 86 53 86
54 86 65 86
66 86 77 86
78 86 83 87
84 86 95 86
96 86 107 86
108 86 119 86
120 86 131 86
132 86 143 86
144 86 155 86
156 86 167 86
168 86 179 86
180 86 191 86
192 86 197 87
1 87 1 98
2 87 2 98
17 87 28 87
42 87 53 87
54 87 65 87
66 87 77 87
84 87 95 87
96 87 107 87
108 87 119 87
120 87 131 87
132 87 143 87
144 87 155 87
156 87 167 87
168 87 179 87
180 87 191 87
17 88 28 88
42 88 53 88
54 88 65 88
67 88 78 88
79 88 90 88
93 88 104 88
105 88 116 88
117 88 128 88
129 88 140 88
141 88 152 88
153 88 164 88
165 88 176 88
179 88 184 89
185 88 196 88
17 89 28 89
42 89 44 92
45 89 56 89
57 89 68 89
69 89 80 89
81 89 92 89
93 89 104 89
105 89 116 89
117 89 128 89
129 89 140 89
141 89 152 89
155 89 166 89
167 89 178 89
185 89 196 89
17 90 22 91
23 90 28 91
45 90 56 90
57 90 68 90
69 90 80 90
81 90 92 90
93 90 104 90
105 90 110 91
122 90 133 90
134 90 145 90
147 90 158 90
162 90 173 90
174 90 185 90
186 90 197 90
45 91 56 91
57 91 68 91
69 91 80 91
81 91 92 91
93 91 104 91
111 91 122 91
123 91 134 91
142 91 153 91
154 91 165 91
166 91 177 91
178 91 189 91
194 91 199 92
17 92 28 92
45 92 56 92
60 92 71 92
72 92 83 92
84 92 95 92
96 92 107 92
110 92 121 92
122 92 133 92
134 92 145 92
146 92 157 92
158 92 169 92
170 92 181 92
182 92 193 92
0 93 0 104
17 93 28 93
42 93 53 93
54 93 65 93
66 93 77 93
78 93 89 93
90 93 101 93
102 93 113 93
114 93 125 93
126 93 137 93
138 93 149 93
150 93 161 93
162 93 173 93
174 93 185 93
186 93 197 93
3 94 3 105
17 94 28 94
40 94 51 94
52 94 63 94
64 94 75 94
76 94 87 94
94 94 105 94
106 94 117 94
118 94 129 94
130 94 141 94
142 94 153 94
154 94 165 94
166 94 177 94
178 94 189 94
16 95 27 95
28 95 39 95
40 95 51 95
52 95 63 95
64 95 75 95
77 95 82 96
83 95 94 95
95 95 106 95
107 95 118 95
119 95 130 95
131 95 142 95
143 95 154 95
155 95 166 95
167 95 178 95
181 95 186 96
187 95 198 95
4 96 15 96
16 96 27 96
29 96 40 96
41 96 52 96
53 96 64 96
65 96 76 96
83 96 94 96
95 96 106 96
107 96 118 96
119 96 130 96
131 96 142 96
143 96 154 96
155 96 166 96
167 96 178 96
187 96 198 96
4 97 5 102
6 97 17 97
18 97 29 97
30 97 41 97
43 97 54 97
56 97 67 97
68 97 79 97
80 97 91 97
92 97 103 97
104 97 115 97
116 97 127 97
128 97 139 97
140 97 151 97
152 97 163 97
164 97 175 97
176 97 187 97
188 97 199 97
6 98 6 109
7 98 7 109
8 98 8 109
9 98 20 98
21 98 32 98
33 98 44 98
45 98 56 98
57 98 68 98
69 98 80 98
81 98 92 98
93 98 104 98
105 98 116 98
117 98 128 98
129 98 140 98
142 98 153 98
154 98 165 98
166 98 177 98
178 98 189 98
1 99 1 110
2 99 2 110
9 99 20 99
21 99 32 99
33 99 44 99
45 99 56 99
57 99 68 99
72 99 83 99
85 99 96 99
103 99 108 100
109 99 120 99
121 99 132 99
133 99 144 99
145 99 156 99
157 99 168 99
169 99 180 99
181 99 192 99
9 100 14 101
15 100 26 100
27 100 38 100
43 100 54 100
55 100 66 100
67 100 78 100
79 100 90 100
91 100 102 100
109 100 120 100
121 100 132 100
133 100 144 100
145 100 156 100
157 100 168 100
169 100 180 100
181 100 192 100
15 101 26 101
27 101 38 101
39 101 50 101
51 101 62 101
63 101 74 101
75 101 86 101
92 101 103 101
104 101 115 101
116 101 127 101
128 101 139 101
140 101 151 101
152 101 163 101
164 101 175 101
176 101 187 101
188 101 199 101
9 102 20 102
21 102 32 102
33 102 44 102
50 102 61 102
62 102 73 102
74 102 85 102
86 102 97 102
98 102 109 102
110 102 121 102
122 102 133 102
134 102 145 102
146 102 157 102
158 102 169 102
170 102 181 102
182 102 193 102
194 102 195 107
196 102 197 107
198 102 199 107
4 103 4 114
5 103 5 114
9 103 10 108
13 103 24 103
25 103 36 103
37 103 48 103
49 103 60 103
61 103 72 103
73 103 84 103
85 103 96 103
97 103 108 103
109 103 120 103
121 103 132 103
133 103 144 103
145 103 156 103
157 103 168 103
169 103 180 103
181 103 192 103
11 104 22 104
23 104 34 104
35 104 46 104
47 104 58 104
59 104 70 104
71 104 82 104
83 104 94 104
95 104 106 104
107 104 118 104
119 104 130 104
131 104 136 105
137 104 148 104
149 104 160 104
161 104 172 104
173 104 184 104
185 104 190 105
191 104 193 107
0 105 0 116
11 105 22 105
23 105 34 105
35 105 46 105
47 105 58 105
59 105 70 105
71 105 82 105
83 105 94 105
95 105 106 105
107 105 118 105
119 105 124 106
125 105 130 106
137 105 148 105
149 105 160 105
161 105 172 105
173 105 184 105
3 106 3 117
11 106 22 106
23 106 34 106
35 106 46 106
47 106 58 106
59 106 70 106
71 106 82 106
83 106 94 106
95 106 106 106
107 106 118 106
131 106 142 106
143 106 154 106
155 106 166 106
167 106 178 106
179 106 190 106
11 107 22 107
23 107 34 107
35 107 46 107
47 107 58 107
59 107 70 107
71 107 82 107
83 107 94 107
95 107 106 107
107 107 118 107
119 107 130 107
131 107 142 107
143 107 154 107
155 107 166 107
167 107 178 107
179 107 190 107
11 108 22 108
23 108 34 108
35 108 46 108
47 108 58 108
59 108 70 108
73 108 84 108
85 108 96 108
97 108 108 108
109 108 120 108
121 108 132 108
133 108 144 108
145 108 156 108
157 108 168 108
169 108 180 108
181 108 192 108
9 109 20 109
21 109 32 109
33 109 44 109
45 109 56 109
57 109 68 109
69 109 80 109
81 109 92 109
93 109 104 109
109 109 114 110
115 109 126 109
127 109 138 109
139 109 150 109
151 109 162 109
163 109 174 109
176 109 187 109
188 109 199 109
6 110 17 110
18 110 18 121
19 110 30 110
31 110 32 115
33 110 44 110
45 110 56 110
57 110 68 110
69 110 80 110
81 110 92 110
93 110 96 112
97 110 108 110
115 110 126 110
134 110 139 111
148 110 159 110
160 110 171 110
173 110 184 110
186 110 197 110
1 111 1 122
2 111 2 122
6 111 17 111
19 111 30 111
33 111 44 111
45 111 56 111
57 111 68 111
69 111 80 111
81 111 92 111
97 111 108 111
109 111 120 111
121 111 132 111
141 111 152 111
153 111 164 111
165 111 176 111
177 111 188 111
193 111 198 112
6 112 17 112
19 112 30 112
33 112 44 112
45 112 56 112
57 112 68 112
69 112 80 112
81 112 92 112
97 112 102 113
103 112 114 112
115 112 126 112
127 112 138 112
139 112 150 112
151 112 162 112
163 112 174 112
175 112 180 113
181 112 192 112
6 113 17 113
19 113 30 113
33 113 34 118
35 113 36 118
37 113 48 113
49 113 60 113
61 113 72 113
73 113 84 113
85 113 96 113
103 113 114 113
115 113 126 113
127 113 138 113
139 113 150 113
151 113 162 113
163 113 174 113
181 113 192 113
6 114 17 114
19 114 30 114
37 114 48 114
49 114 60 114
61 114 72 114
73 114 84 114
85 114 96 114
101 114 112 114
113 114 124 114
125 114 136 114
137 114 148 114
149 114 154 115
155 114 166 114
167 114 178 114
179 114 190 114
192 114 197 115
4 115 15 115
16 115 16 126
17 115 17 126
19 115 30 115
37 115 48 115
49 115 60 115
65 115 76 115
77 115 88 115
89 115 100 115
101 115 112 115
113 115 124 115
125 115 136 115
137 115 148 115
155 115 166 115
167 115 178 115
179 115 190 115
4 116 15 116
19 116 20 121
21 116 32 116
37 116 48 116
49 116 60 116
61 116 66 117
67 116 78 116
79 116 90 116
91 116 102 116
103 116 114 116
115 116 126 116
127 116 138 116
139 116 150 116
151 116 156 117
157 116 168 116
169 116 180 116
181 116 192 116
0 117 0 128
4 117 15 117
21 117 32 117
37 117 48 117
49 117 60 117
67 117 78 117
79 117 90 117
91 117 102 117
103 117 114 117
115 117 126 117
127 117 138 117
139 117 150 117
157 117 168 117
169 117 180 117
181 117 192 117
196 117 199 119
3 118 3 129
4 118 15 118
21 118 32 118
39 118 42 120
43 118 54 118
55 118 66 118
67 118 78 118
79 118 90 118
91 118 102 118
107 118 118 118
119 118 130 118
131 118 142 118
143 118 154 118
157 118 168 118
169 118 180 118
183 118 194 118
4 119 15 119
21 119 32 119
33 119 38 120
43 119 54 119
55 119 66 119
67 119 72 120
75 119 86 119
87 119 98 119
99 119 110 119
111 119 122 119
123 119 134 119
136 119 147 119
148 119 159 119
160 119 171 119
172 119 183 119
184 119 195 119
4 120 4 131
5 120 5 131
6 120 6 131
7 120 7 131
8 120 8 131
9 120 9 131
10 120 10 131
11 120 11 131
12 120 13 125
14 120 14 131
15 120 15 131
21 120 32 120
43 120 54 120
55 120 66 120
84 120 89 121
90 120 95 121
96 120 101 121
102 120 113 120
114 120 125 120
126 120 137 120
138 120 149 120
150 120 161 120
162 120 173 120
174 120 185 120
186 120 197 120
21 121 32 121
33 121 44 121
48 121 59 121
60 121 71 121
72 121 83 121
102 121 113 121
114 121 119 122
120 121 125 122
126 121 137 121
138 121 149 121
150 121 161 121
162 121 173 121
174 121 185 121
186 121 197 121
18 122 29 122
30 122 41 122
42 122 53 122
54 122 65 122
66 122 77 122
78 122 89 122
90 122 101 122
102 122 113 122
126 122 137 122
138 122 149 122
150 122 161 122
165 122 170 123
171 122 182 122
183 122 194 122
196 122 199 124
1 123 1 134
2 123 2 134
18 123 29 123
30 123 41 123
42 123 53 123
54 123 59 124
60 123 71 123
72 123 83 123
84 123 95 123
96 123 107 123
108 123 119 123
120 123 131 123
133 123 144 123
145 123 156 123
159 123 164 124
171 123 182 123
183 123 194 123
18 124 29 124
30 124 41 124
42 124 53 124
60 124 71 124
72 124 83 124
84 124 95 124
97 124 108 124
109 124 120 124
121 124 132 124
135 124 146 124
147 124 158 124
170 124 181 124
182 124 193 124
18 125 29 125
30 125 41 125
42 125 53 125
54 125 65 125
66 125 77 125
78 125 89 125
90 125 101 125
102 125 113 125
114 125 125 125
126 125 137 125
138 125 149 125
150 125 161 125
162 125 173 125
174 125 185 125
186 125 197 125
12 126 12 137
13 126 13 137
18 126 29 126
30 126 41 126
42 126 53 126
54 126 65 126
66 126 77 126
78 126 89 126
90 126 95 127
96 126 107 126
108 126 113 127
114 126 125 126
126 126 137 126
138 126 143 127
144 126 155 126
156 126 167 126
168 126 179 126
180 126 191 126
196 126 198 129
16 127 27 127
28 127 39 127
42 127 53 127
54 127 65 127
66 127 77 127
78 127 89 127
96 127 107 127
114 127 125 127
126 127 137 127
144 127 155 127
156 127 167 127
168 127 179 127
180 127 191 127
16 128 27 128
28 128 39 128
40 128 51 128
52 128 63 128
64 128 75 128
76 128 87 128
88 128 99 128
100 128 111 128
112 128 123 128
124 128 135 128
136 128 147 128
148 128 159 128
160 128 171 128
172 128 183 128
184 128 195 128
0 129 0 140
16 129 27 129
28 129 39 129
40 129 51 129
52 129 63 129
64 129 75 129
76 129 87 129
88 129 99 129
100 129 111 129
112 129 123 129
124 129 135 129
136 129 147 129
148 129 159 129
160 129 171 129
172 129 183 129
184 129 195 129
3 130 3 141
16 130 21 131
22 130 33 130
34 130 45 130
47 130 58 130
59 130 70 130
71 130 82 130
83 130 94 130
95 130 106 130
107 130 118 130
119 130 130 130
131 130 142 130
143 130 154 130
155 130 166 130
167 130 178 130
182 130 193 130
26 131 31 132
32 131 43 131
44 131 55 131
56 131 67 131
68 131 79 131
80 131 91 131
92 131 103 131
104 131 115 131
116 131 127 131
128 131 139 131
140 131 151 131
152 131 163 131
164 131 175 131
176 131 187 131
188 131 199 131
4 132 4 143
5 132 5 143
6 132 6 143
7 132 7 143
8 132 8 143
9 132 9 143
10 132 10 143
11 132 11 143
14 132 25 132
44 132 49 133
50 132 51 137
52 132 53 137
54 132 55 137
56 132 67 132
68 132 79 132
80 132 91 132
92 132 103 132
104 132 115 132
116 132 127 132
128 132 139 132
140 132 151 132
152 132 163 132
164 132 175 132
183 132 194 132
14 133 14 144
15 133 15 144
16 133 16 144
17 133 17 144
18 133 18 144
19 133 19 144
20 133 31 133
32 133 43 133
56 133 67 133
68 133 79 133
80 133 91 133
98 133 101 135
102 133 107 134
108 133 119 133
120 133 131 133
132 133 143 133
144 133 155 133
156 133 167 133
168 133 179 133
184 133 195 133
20 134 21 139
22 134 23 139
24 134 25 139
26 134 37 134
38 134 49 134
56 134 67 134
68 134 73 135
74 134 85 134
86 134 97 134
108 134 119 134
120 134 131 134
137 134 148 134
149 134 160 134
161 134 172 134
173 134 184 134
185 134 196 134
1 135 1 146
2 135 2 146
26 135 37 135
38 135 49 135
56 135 67 135
74 135 85 135
86 135 97 135
102 135 113 135
114 135 125 135
126 135 137 135
138 135 149 135
152 135 163 135
164 135 175 135
176 135 187 135
188 135 199 135
26 136 37 136
38 136 49 136
56 136 67 136
68 136 79 136
80 136 91 136
92 136 103 136
104 136 115 136
116 136 127 136
128 136 139 136
140 136 151 136
152 136 163 136
165 136 176 136
177 136 188 136
26 137 37 137
38 137 49 137
56 137 67 137
68 137 79 137
80 137 91 137
92 137 103 137
104 137 115 137
116 137 127 137
128 137 139 137
140 137 151 137
152 137 163 137
164 137 175 137
176 137 187 137
188 137 199 137
12 138 12 149
13 138 13 149
26 138 37 138
38 138 49 138
50 138 61 138
63 138 74 138
75 138 86 138
87 138 98 138
99 138 110 138
111 138 122 138
123 138 134 138
135 138 146 138
147 138 158 138
159 138 170 138
171 138 182 138
183 138 194 138
26 139 37 139
38 139 49 139
52 139 63 139
64 139 75 139
77 139 88 139
89 139 100 139
104 139 115 139
116 139 127 139
128 139 139 139
140 139 151 139
152 139 163 139
164 139 175 139
176 139 187 139
188 139 199 139
20 140 31 140
32 140 43 140
44 140 55 140
56 140 67 140
68 140 79 140
80 140 91 140
92 140 103 140
104 140 109 141
110 140 121 140
122 140 133 140
134 140 145 140
146 140 157 140
158 140 169 140
181 140 192 140
197 140 199 143
0 141 0 152
20 141 31 141
32 141 43 141
44 141 55 141
56 141 67 141
68 141 79 141
80 141 91 141
92 141 103 141
114 141 125 141
126 141 137 141
138 141 149 141
150 141 161 141
163 141 174 141
175 141 186 141
191 141 196 142
3 142 3 153
20 142 31 142
32 142 43 142
44 142 55 142
56 142 67 142
68 142 79 142
80 142 91 142
92 142 103 142
104 142 115 142
116 142 127 142
128 142 139 142
143 142 154 142
155 142 166 142
167 142 178 142
179 142 190 142
20 143 31 143
32 143 43 143
44 143 49 144
50 143 61 143
62 143 73 143
74 143 85 143
86 143 97 143
101 143 112 143
113 143 124 143
125 143 136 143
137 143 148 143
149 143 160 143
161 143 172 143
173 143 184 143
185 143 196 143
4 144 4 155
5 144 5 155
6 144 6 155
7 144 7 155
8 144 8 155
9 144 9 155
10 144 10 155
11 144 11 155
20 144 31 144
32 144 43 144
50 144 61 144
62 144 73 144
74 144 79 145
80 144 91 144
92 144 103 144
104 144 115 144
116 144 127 144
128 144 133 145
134 144 145 144
146 144 157 144
158 144 169 144
170 144 181 144
182 144 193 144
14 145 25 145
26 145 37 145
38 145 49 145
50 145 61 145
62 145 73 145
80 145 91 145
92 145 103 145
104 145 115 145
116 145 127 145
139 145 150 145
151 145 162 145
163 145 174 145
175 145 186 145
187 145 198 145
14 146 25 146
26 146 37 146
38 146 49 146
51 146 62 146
63 146 74 146
76 146 87 146
92 146 103 146
104 146 115 146
116 146 127 146
128 146 139 146
140 146 151 146
152 146 163 146
164 146 175 146
176 146 187 146
188 146 199 146
1 147 1 158
2 147 2 158
14 147 19 148
20 147 31 147
32 147 43 147
44 147 55 147
56 147 67 147
68 147 79 147
80 147 91 147
92 147 103 147
104 147 115 147
116 147 127 147
128 147 139 147
140 147 151 147
152 147 163 147
164 147 175 147
176 147 187 147
188 147 199 147
20 148 31 148
32 148 43 148
44 148 55 148
57 148 68 148
71 148 82 148
84 148 95 148
98 148 103 149
110 148 121 148
122 148 133 148
134 148 145 148
146 148 157 148
158 148 169 148
170 148 181 148
183 148 194 148
195 148 198 150
14 149 25 149
26 149 37 149
38 149 49 149
50 149 61 149
62 149 73 149
74 149 85 149
86 149 97 149
104 149 115 149
116 149 127 149
128 149 139 149
141 149 146 150
147 149 158 149
159 149 170 149
171 149 182 149
183 149 188 150
189 149 194 150
12 150 23 150
24 150 35 150
36 150 47 150
48 150 59 150
60 150 71 150
72 150 83 150
85 150 96 150
97 150 108 150
110 150 121 150
122 150 133 150
135 150 140 151
147 150 158 150
159 150 170 150
171 150 182 150
12 151 23 151
24 151 35 151
36 151 47 151
48 151 59 151
60 151 71 151
72 151 83 151
86 151 97 151
98 151 109 151
110 151 121 151
123 151 134 151
141 151 152 151
153 151 164 151
165 151 176 151
177 151 188 151
192 151 197 152
12 152 23 152
24 152 35 152
36 152 47 152
48 152 59 152
60 152 71 152
72 152 83 152
84 152 95 152
96 152 107 152
108 152 119 152
120 152 131 152
132 152 143 152
144 152 155 152
156 152 167 152
168 152 179 152
180 152 191 152
0 153 0 164
12 153 23 153
24 153 35 153
36 153 37 158
38 153 43 154
45 153 56 153
57 153 68 153
69 153 80 153
81 153 92 153
93 153 104 153
105 153 116 153
117 153 128 153
129 153 140 153
141 153 152 153
153 153 164 153
165 153 176 153
178 153 189 153
190 153 199 153
3 154 3 165
12 154 23 154
24 154 35 154
44 154 55 154
56 154 67 154
68 154 79 154
80 154 91 154
92 154 103 154
104 154 115 154
116 154 127 154
128 154 139 154
140 154 151 154
152 154 163 154
164 154 169 155
170 154 175 155
176 154 187 154
188 154 199 154
12 155 23 155
24 155 35 155
38 155 49 155
50 155 61 155
62 155 73 155
76 155 87 155
88 155 99 155
110 155 115 156
116 155 127 155
128 155 139 155
140 155 151 155
152 155 163 155
176 155 187 155
198 155 198 166
199 155 199 166
4 156 5 161
6 156 7 161
8 156 19 156
20 156 31 156
32 156 35 158
38 156 49 156
50 156 55 157
56 156 67 156
68 156 79 156
80 156 91 156
92 156 97 157
98 156 109 156
116 156 127 156
128 156 139 156
146 156 149 158
150 156 161 156
162 156 173 156
174 156 185 156
186 156 197 156
8 157 19 157
20 157 31 157
38 157 49 157
56 157 67 157
68 157 79 157
80 157 91 157
98 157 109 157
110 157 121 157
122 157 133 157
134 157 145 157
150 157 161 157
162 157 173 157
174 157 185 157
186 157 197 157
8 158 19 158
20 158 31 158
38 158 49 158
50 158 61 158
62 158 73 158
74 158 85 158
86 158 97 158
98 158 109 158
110 158 121 158
122 158 133 158
134 158 145 158
150 158 161 158
162 158 173 158
180 158 185 159
186 158 197 158
1 159 1 170
2 159 2 170
8 159 11 161
12 159 23 159
24 159 35 159
38 159 49 159
52 159 57 160
58 159 69 159
70 159 81 159
82 159 93 159
94 159 105 159
108 159 119 159
120 159 131 159
132 159 143 159
144 159 155 159
156 159 167 159
168 159 179 159
186 159 197 159
12 160 23 160
28 160 39 160
40 160 51 160
58 160 69 160
70 160 81 160
84 160 95 160
96 160 107 160
108 160 119 160
120 160 131 160
132 160 143 160
144 160 155 160
156 160 167 160
168 160 173 161
174 160 185 160
192 160 197 161
12 161 23 161
24 161 35 161
36 161 47 161
48 161 59 161
60 161 71 161
72 161 83 161
84 161 95 161
96 161 107 161
108 161 119 161
120 161 131 161
132 161 143 161
144 161 155 161
156 161 167 161
180 161 191 161
4 162 15 162
16 162 27 162
28 162 39 162
40 162 51 162
52 162 63 162
64 162 75 162
76 162 87 162
88 162 99 162
100 162 111 162
112 162 123 162
124 162 135 162
138 162 149 162
150 162 161 162
162 162 173 162
174 162 185 162
186 162 197 162
4 163 15 163
16 163 27 163
28 163 39 163
40 163 51 163
52 163 63 163
64 163 75 163
76 163 87 163
88 163 99 163
100 163 111 163
112 163 123 163
125 163 130 164
131 163 142 163
143 163 154 163
155 163 166 163
167 163 178 163
179 163 190 163
196 163 196 174
197 163 197 174
4 164 15 164
16 164 27 164
29 164 40 164
41 164 52 164
53 164 64 164
65 164 76 164
77 164 88 164
89 164 100 164
101 164 112 164
113 164 124 164
131 164 142 164
143 164 154 164
159 164 170 164
171 164 182 164
183 164 194 164
0 165 0 176
4 165 15 165
16 165 27 165
28 165 39 165
40 165 51 165
52 165 63 165
64 165 75 165
76 165 87 165
88 165 99 165
100 165 111 165
112 165 123 165
124 165 135 165
136 165 147 165
148 165 159 165
160 165 171 165
172 165 183 165
184 165 195 165
3 166 14 166
15 166 26 166
27 166 38 166
39 166 50 166
52 166 57 167
61 166 72 166
73 166 84 166
85 166 96 166
97 166 108 166
109 166 120 166
125 166 136 166
137 166 148 166
149 166 160 166
161 166 172 166
173 166 184 166
3 167 14 167
16 167 27 167
28 167 39 167
40 167 51 167
58 167 69 167
70 167 81 167
82 167 93 167
94 167 105 167
106 167 117 167
118 167 129 167
130 167 141 167
142 167 153 167
154 167 165 167
166 167 177 167
178 167 189 167
3 168 14 168
15 168 26 168
27 168 38 168
39 168 50 168
51 168 62 168
63 168 74 168
75 168 86 168
87 168 98 168
99 168 110 168
111 168 122 168
123 168 134 168
135 168 146 168
147 168 158 168
159 168 170 168
171 168 182 168
183 168 194 168
3 169 3 180
4 169 4 180
5 169 5 180
6 169 6 180
7 169 7 180
8 169 8 180
9 169 9 180
10 169 21 169
22 169 27 170
28 169 33 170
34 169 45 169
46 169 57 169
58 169 69 169
70 169 81 169
82 169 93 169
94 169 105 169
106 169 117 169
118 169 123 170
124 169 135 169
136 169 141 170
142 169 153 169
154 169 165 169
166 169 171 170
172 169 183 169
184 169 195 169
10 170 21 170
34 170 45 170
46 170 57 170
58 170 63 171
64 170 69 171
70 170 81 170
82 170 93 170
94 170 105 170
106 170 117 170
124 170 135 170
142 170 147 171
148 170 153 171
154 170 165 170
178 170 183 171
184 170 195 170
1 171 1 182
2 171 2 182
10 171 21 171
22 171 33 171
34 171 45 171
46 171 57 171
70 171 81 171
82 171 93 171
94 171 105 171
106 171 117 171
118 171 129 171
130 171 141 171
154 171 165 171
166 171 177 171
184 171 195 171
10 172 21 172
22 172 33 172
34 172 45 172
46 172 57 172
58 172 69 172
70 172 81 172
82 172 93 172
94 172 105 172
106 172 117 172
123 172 134 172
135 172 146 172
147 172 158 172
159 172 170 172
171 172 182 172
183 172 194 172
10 173 21 173
22 173 33 173
34 173 45 173
49 173 60 173
61 173 72 173
73 173 84 173
85 173 96 173
100 173 111 173
112 173 123 173
124 173 135 173
136 173 147 173
148 173 159 173
165 173 176 173
177 173 188 173
190 173 195 174
10 174 21 174
22 174 33 174
34 174 45 174
46 174 57 174
58 174 69 174
70 174 81 174
82 174 93 174
94 174 105 174
106 174 117 174
118 174 129 174
132 174 137 175
142 174 153 174
154 174 165 174
166 174 177 174
178 174 189 174
10 175 21 175
22 175 33 175
42 175 47 176
52 175 63 175
64 175 75 175
76 175 87 175
91 175 102 175
108 175 119 175
120 175 131 175
138 175 149 175
150 175 161 175
162 175 173 175
182 175 193 175
194 175 199 176
10 176 15 177
18 176 29 176
30 176 41 176
48 176 59 176
60 176 71 176
72 176 83 176
84 176 95 176
96 176 107 176
108 176 119 176
120 176 131 176
132 176 143 176
144 176 155 176
156 176 167 176
168 176 179 176
180 176 191 176
0 177 0 188
16 177 27 177
29 177 40 177
41 177 52 177
53 177 64 177
65 177 76 177
77 177 88 177
89 177 100 177
101 177 112 177
114 177 125 177
126 177 137 177
138 177 149 177
150 177 161 177
162 177 173 177
175 177 186 177
187 177 198 177
10 178 21 178
22 178 33 178
34 178 45 178
46 178 57 178
58 178 69 178
70 178 81 178
82 178 93 178
94 178 105 178
106 178 109 180
110 178 121 178
122 178 133 178
134 178 145 178
146 178 157 178
158 178 169 178
170 178 181 178
185 178 196 178
10 179 21 179
22 179 33 179
34 179 45 179
46 179 57 179
58 179 69 179
70 179 81 179
82 179 93 179
94 179 105 179
110 179 121 179
122 179 133 179
134 179 145 179
146 179 151 180
152 179 163 179
164 179 175 179
176 179 187 179
188 179 199 179
10 180 21 180
22 180 33 180
34 180 45 180
46 180 57 180
58 180 69 180
70 180 81 180
82 180 93 180
94 180 105 180
110 180 121 180
122 180 133 180
134 180 145 180
152 180 163 180
164 180 175 180
176 180 187 180
188 180 199 180
3 181 14 181
15 181 26 181
27 181 38 181
39 181 50 181
51 181 62 181
63 181 74 181
75 181 86 181
87 181 98 181
99 181 110 181
111 181 122 181
123 181 134 181
135 181 146 181
152 181 163 181
164 181 175 181
176 181 187 181
188 181 199 181
3 182 14 182
15 182 26 182
27 182 38 182
39 182 50 182
51 182 62 182
64 182 69 183
81 182 92 182
93 182 104 182
105 182 116 182
117 182 128 182
129 182 140 182
141 182 152 182
153 182 164 182
165 182 176 182
177 182 188 182
190 182 195 183
1 183 12 183
14 183 25 183
26 183 37 183
40 183 51 183
52 183 63 183
70 183 81 183
82 183 93 183
94 183 105 183
106 183 117 183
118 183 129 183
130 183 141 183
142 183 153 183
154 183 165 183
166 183 177 183
178 183 189 183
1 184 12 184
13 184 24 184
25 184 36 184
37 184 48 184
49 184 60 184
61 184 72 184
73 184 84 184
85 184 90 185
91 184 94 186
97 184 108 184
109 184 120 184
129 184 140 184
141 184 152 184
155 184 158 186
159 184 170 184
171 184 182 184
183 184 194 184
195 184 198 186
1 185 12 185
13 185 24 185
25 185 36 185
37 185 48 185
49 185 60 185
61 185 72 185
73 185 84 185
95 185 106 185
107 185 118 185
119 185 130 185
131 185 136 186
137 185 142 186
143 185 154 185
159 185 170 185
171 185 182 185
183 185 194 185
1 186 12 186
13 186 24 186
25 186 36 186
37 186 48 186
49 186 60 186
61 186 72 186
73 186 78 187
79 186 90 186
95 186 106 186
107 186 118 186
119 186 130 186
143 186 154 186
159 186 170 186
171 186 182 186
183 186 194 186
1 187 12 187
13 187 24 187
25 187 36 187
37 187 48 187
49 187 60 187
61 187 72 187
79 187 90 187
91 187 102 187
104 187 115 187
116 187 127 187
128 187 139 187
140 187 151 187
152 187 163 187
164 187 175 187
176 187 187 187
188 187 199 187
1 188 6 189
7 188 18 188
19 188 30 188
31 188 42 188
43 188 54 188
55 188 66 188
68 188 79 188
80 188 91 188
92 188 103 188
104 188 115 188
116 188 127 188
128 188 139 188
140 188 151 188
152 188 163 188
164 188 175 188
176 188 187 188
188 188 199 188
0 189 0 200
7 189 18 189
19 189 30 189
33 189 44 189
46 189 57 189
58 189 69 189
70 189 81 189
82 189 93 189
94 189 105 189
106 189 117 189
118 189 129 189
130 189 141 189
143 189 154 189
155 189 166 189
167 189 178 189
179 189 190 189
191 189 196 190
199 189 199 198
1 190 12 190
13 190 24 190
25 190 36 190
37 190 48 190
49 190 50 195
51 190 56 191
57 190 68 190
69 190 80 190
81 190 92 190
93 190 104 190
105 190 110 191
111 190 122 190
123 190 134 190
135 190 146 190
147 190 152 191
153 190 164 190
165 190 176 190
177 190 188 190
1 191 12 191
13 191 24 191
25 191 36 191
37 191 48 191
57 191 68 191
69 191 80 191
81 191 92 191
93 191 104 191
111 191 122 191
123 191 134 191
135 191 146 191
153 191 164 191
165 191 176 191
177 191 188 191
1 192 12 192
13 192 24 192
25 192 36 192
37 192 48 192
51 192 62 192
63 192 68 193
69 192 80 192
81 192 92 192
93 192 104 192
105 192 116 192
117 192 128 192
129 192 140 192
141 192 152 192
153 192 164 192
165 192 170 193
173 192 184 192
185 192 196 192
197 192 198 197
1 193 12 193
13 193 24 193
25 193 36 193
37 193 48 193
51 193 62 193
69 193 80 193
81 193 92 193
93 193 104 193
105 193 116 193
117 193 128 193
129 193 140 193
141 193 152 193
153 193 164 193
171 193 182 193
183 193 194 193
1 194 12 194
13 194 24 194
25 194 36 194
37 194 48 194
51 194 62 194
63 194 74 194
81 194 92 194
93 194 104 194
106 194 117 194
118 194 129 194
130 194 141 194
142 194 153 194
154 194 165 194
166 194 177 194
178 194 189 194
191 194 196 195
1 195 12 195
13 195 24 195
25 195 36 195
37 195 48 195
51 195 62 195
63 195 74 195
83 195 94 195
95 195 106 195
107 195 118 195
119 195 130 195
131 195 142 195
143 195 154 195
155 195 166 195
167 195 178 195
179 195 190 195
1 196 12 196
13 196 24 196
25 196 30 197
31 196 42 196
43 196 54 196
55 196 66 196
67 196 72 197
73 196 78 197
79 196 82 198
83 196 88 197
89 196 94 197
95 196 106 196
107 196 118 196
119 196 130 196
131 196 142 196
143 196 154 196
155 196 166 196
167 196 178 196
179 196 190 196
191 196 196 197
1 197 12 197
13 197 24 197
31 197 42 197
43 197 54 197
55 197 66 197
95 197 106 197
107 197 118 197
119 197 130 197
131 197 142 197
150 197 161 197
162 197 173 197
179 197 190 197
1 198 1 209
2 198 2 209
3 198 14 198
15 198 15 209
16 198 16 209
17 198 28 198
29 198 40 198
41 198 52 198
53 198 64 198
67 198 78 198
83 198 94 198
95 198 106 198
107 198 118 198
119 198 130 198
131 198 142 198
143 198 154 198
161 198 172 198
173 198 184 198
185 198 196 198
3 199 14 199
17 199 28 199
29 199 30 204
31 199 32 204
33 199 34 204
35 199 46 199
47 199 58 199
59 199 70 199
71 199 76 200
77 199 79 202
80 199 91 199
92 199 103 199
104 199 115 199
116 199 127 199
128 199 139 199
140 199 151 199
152 199 163 199
164 199 175 199
176 199 187 199
188 199 193 200
194 199 199 200
3 200 14 200
17 200 28 200
35 200 46 200
47 200 58 200
59 200 70 200
80 200 91 200
92 200 103 200
104 200 115 200
116 200 127 200
128 200 139 200
140 200 151 200
152 200 163 200
164 200 175 200
176 200 187 200
0 201 0 212
3 201 14 201
17 201 28 201
35 201 46 201
47 201 58 201
59 201 70 201
71 201 76 202
80 201 91 201
92 201 97 202
98 201 109 201
110 201 121 201
122 201 133 201
134 201 145 201
146 201 157 201
158 201 163 202
164 201 169 202
170 201 181 201
182 201 187 202
188 201 199 201
3 202 14 202
17 202 28 202
35 202 46 202
47 202 58 202
59 202 70 202
80 202 91 202
98 202 109 202
110 202 121 202
122 202 133 202
134 202 145 202
146 202 157 202
170 202 181 202
188 202 199 202
3 203 3 214
4 203 4 214
5 203 5 214
6 203 6 214
7 203 7 214
8 203 8 214
9 203 9 214
10 203 10 214
11 203 11 214
12 203 12 214
13 203 13 214
14 203 14 214
17 203 28 203
35 203 46 203
47 203 58 203
59 203 70 203
71 203 82 203
83 203 94 203
95 203 106 203
107 203 118 203
119 203 130 203
131 203 142 203
143 203 154 203
155 203 166 203
167 203 178 203
179 203 190 203
193 203 198 204
199 203 199 214
17 204 28 204
35 204 46 204
47 204 58 204
59 204 70 204
71 204 82 204
89 204 92 206
93 204 104 204
105 204 116 204
117 204 128 204
129 204 140 204
145 204 156 204
157 204 168 204
169 204 180 204
181 204 192 204
17 205 28 205
29 205 40 205
41 205 52 205
53 205 64 205
65 205 76 205
77 205 88 205
93 205 104 205
105 205 116 205
117 205 128 205
129 205 140 205
141 205 152 205
153 205 164 205
165 205 176 205
177 205 188 205
189 205 194 206
195 205 198 207
17 206 28 206
29 206 40 206
41 206 52 206
53 206 64 206
65 206 76 206
77 206 88 206
93 206 104 206
105 206 116 206
117 206 128 206
129 206 140 206
141 206 152 206
153 206 164 206
165 206 176 206
177 206 188 206
17 207 28 207
29 207 40 207
41 207 52 207
53 207 58 208
59 207 70 207
71 207 82 207
83 207 94 207
95 207 106 207
107 207 118 207
119 207 130 207
131 207 142 207
144 207 155 207
156 207 167 207
168 207 179 207
180 207 191 207
17 208 28 208
29 208 40 208
41 208 52 208
59 208 70 208
71 208 82 208
83 208 94 208
95 208 106 208
107 208 118 208
119 208 130 208
131 208 142 208
143 208 154 208
155 208 166 208
171 208 182 208
183 208 194 208
19 209 30 209
31 209 42 209
43 209 54 209
55 209 66 209
67 209 78 209
79 209 90 209
91 209 102 209
103 209 114 209
115 209 126 209
127 209 138 209
139 209 150 209
151 209 162 209
163 209 174 209
175 209 186 209
187 209 198 209
1 210 1 221
2 210 2 221
15 210 26 210
27 210 38 210
39 210 50 210
51 210 62 210
63 210 74 210
75 210 86 210
87 210 98 210
105 210 110 211
111 210 122 210
123 210 134 210
135 210 146 210
147 210 158 210
159 210 170 210
175 210 186 210
187 210 198 210
15 211 20 212
21 211 32 211
33 211 44 211
45 211 56 211
57 211 68 211
69 211 74 212
75 211 86 211
87 211 92 212
93 211 104 211
111 211 122 211
123 211 134 211
135 211 146 211
147 211 158 211
159 211 170 211
171 211 182 211
183 211 194 211
21 212 32 212
33 212 44 212
45 212 56 212
57 212 68 212
75 212 86 212
93 212 104 212
105 212 116 212
117 212 128 212
129 212 140 212
141 212 152 212
166 212 177 212
178 212 189 212
0 213 0 224
15 213 26 213
27 213 38 213
39 213 50 213
51 213 62 213
63 213 74 213
75 213 86 213
87 213 98 213
108 213 119 213
120 213 131 213
132 213 143 213
144 213 149 214
151 213 162 213
163 213 174 213
175 213 186 213
187 213 198 213
18 214 23 215
24 214 35 214
36 214 47 214
48 214 59 214
60 214 71 214
72 214 83 214
84 214 95 214
96 214 107 214
108 214 119 214
120 214 131 214
132 214 143 214
150 214 161 214
162 214 173 214
174 214 185 214
186 214 197 214
3 215 3 226
4 215 4 226
5 215 5 226
6 215 17 215
24 215 35 215
36 215 47 215
48 215 59 215
60 215 71 215
72 215 83 215
91 215 102 215
103 215 114 215
116 215 127 215
128 215 139 215
140 215 151 215
152 215 163 215
164 215 175 215
176 215 187 215
188 215 199 215
6 216 7 221
8 216 19 216
20 216 31 216
32 216 43 216
44 216 55 216
56 216 67 216
68 216 79 216
80 216 91 216
92 216 103 216
107 216 118 216
119 216 130 216
131 216 142 216
143 216 154 216
155 216 166 216
167 216 178 216
179 216 190 216
192 216 197 217
8 217 19 217
20 217 31 217
32 217 43 217
44 217 49 218
50 217 61 217
62 217 73 217
74 217 85 217
86 217 97 217
98 217 101 219
102 217 113 217
114 217 125 217
126 217 137 217
138 217 149 217
150 217 155 218
156 217 167 217
168 217 179 217
180 217 191 217
8 218 19 218
20 218 31 218
32 218 43 218
50 218 61 218
62 218 73 218
74 218 85 218
86 218 97 218
102 218 113 218
114 218 125 218
126 218 137 218
138 218 149 218
156 218 167 218
168 218 179 218
181 218 192 218
196 218 199 220
8 219 19 219
20 219 25 220
26 219 37 219
38 219 49 219
50 219 61 219
62 219 73 219
74 219 85 219
86 219 97 219
105 219 116 219
117 219 128 219
129 219 140 219
141 219 152 219
153 219 164 219
165 219 176 219
177 219 188 219
190 219 195 220
8 220 19 220
26 220 37 220
38 220 49 220
50 220 61 220
62 220 73 220
74 220 85 220
88 220 93 221
94 220 105 220
106 220 117 220
118 220 129 220
130 220 141 220
142 220 153 220
154 220 165 220
166 220 177 220
178 220 189 220
8 221 19 221
20 221 31 221
32 221 43 221
44 221 55 221
56 221 67 221
76 221 87 221
95 221 106 221
107 221 118 221
119 221 130 221
131 221 142 221
143 221 154 221
155 221 166 221
167 221 178 221
179 221 190 221
194 221 199 222
1 222 1 233
2 222 2 233
6 222 17 222
18 222 29 222
30 222 41 222
42 222 53 222
54 222 65 222
66 222 77 222
78 222 89 222
90 222 101 222
102 222 113 222
114 222 125 222
127 222 132 223
134 222 145 222
146 222 157 222
158 222 169 222
170 222 181 222
182 222 193 222
6 223 11 224
12 223 23 223
24 223 29 224
30 223 41 223
42 223 53 223
54 223 65 223
66 223 77 223
78 223 89 223
91 223 102 223
103 223 114 223
115 223 126 223
137 223 148 223
154 223 165 223
166 223 177 223
178 223 189 223
192 223 197 224
198 223 199 227
12 224 23 224
30 224 41 224
42 224 53 224
54 224 65 224
66 224 71 225
72 224 83 224
84 224 95 224
96 224 107 224
108 224 119 224
120 224 131 224
132 224 143 224
144 224 155 224
156 224 167 224
168 224 179 224
180 224 191 224
0 225 0 236
6 225 17 225
18 225 29 225
34 225 35 230
36 225 41 226
42 225 53 225
54 225 65 225
72 225 83 225
84 225 95 225
96 225 107 225
108 225 119 225
120 225 131 225
132 225 143 225
144 225 155 225
156 225 167 225
168 225 179 225
180 225 185 226
186 225 197 225
6 226 6 237
7 226 7 237
8 226 19 226
20 226 21 231
22 226 33 226
42 226 53 226
54 226 65 226
66 226 77 226
78 226 89 226
90 226 101 226
102 226 113 226
114 226 125 226
126 226 137 226
142 226 153 226
154 226 165 226
166 226 177 226
186 226 197 226
3 227 3 238
4 227 4 238
5 227 5 238
8 227 13 228
14 227 19 228
22 227 33 227
36 227 47 227
48 227 59 227
60 227 71 227
72 227 83 227
84 227 95 227
96 227 107 227
108 227 119 227
120 227 131 227
132 227 143 227
144 227 155 227
158 227 169 227
170 227 181 227
182 227 193 227
22 228 33 228
36 228 47 228
48 228 53 229
54 228 59 229
60 228 63 230
64 228 75 228
76 228 87 228
88 228 99 228
100 228 111 228
112 228 123 228
124 228 135 228
136 228 147 228
148 228 159 228
160 228 171 228
172 228 183 228
187 228 198 228
8 229 19 229
22 229 33 229
36 229 47 229
64 229 75 229
76 229 87 229
88 229 99 229
101 229 112 229
113 229 124 229
127 229 138 229
139 229 150 229
151 229 162 229
163 229 174 229
175 229 186 229
8 230 19 230
22 230 33 230
36 230 47 230
48 230 59 230
64 230 75 230
77 230 88 230
89 230 100 230
101 230 112 230
113 230 124 230
126 230 137 230
138 230 149 230
150 230 161 230
162 230 173 230
174 230 185 230
186 230 197 230
8 231 19 231
22 231 33 231
34 231 45 231
46 231 57 231
58 231 69 231
70 231 81 231
82 231 93 231
94 231 105 231
106 231 117 231
118 231 129 231
130 231 141 231
148 231 159 231
160 231 171 231
172 231 183 231
184 231 195 231
196 231 199 233
8 232 19 232
20 232 31 232
32 232 43 232
44 232 55 232
56 232 67 232
68 232 79 232
80 232 91 232
92 232 103 232
106 232 111 233
112 232 123 232
124 232 135 232
136 232 147 232
148 232 159 232
160 232 171 232
172 232 183 232
184 232 195 232
8 233 19 233
20 233 31 233
32 233 43 233
44 233 55 233
56 233 67 233
69 233 80 233
82 233 93 233
94 233 105 233
112 233 123 233
124 233 135 233
136 233 147 233
148 233 159 233
160 233 171 233
172 233 183 233
184 233 195 233
1 234 1 245
2 234 2 245
8 234 19 234
20 234 31 234
32 234 43 234
44 234 55 234
56 234 67 234
68 234 79 234
80 234 91 234
92 234 103 234
104 234 115 234
116 234 127 234
128 234 139 234
140 234 151 234
152 234 163 234
164 234 175 234
176 234 187 234
188 234 199 234
8 235 19 235
20 235 31 235
32 235 43 235
44 235 55 235
56 235 67 235
68 235 79 235
80 235 91 235
92 235 103 235
104 235 115 235
116 235 127 235
128 235 139 235
140 235 151 235
152 235 163 235
164 235 175 235
176 235 187 235
188 235 199 235
8 236 13 237
14 236 25 236
26 236 37 236
38 236 49 236
50 236 61 236
67 236 78 236
79 236 90 236
91 236 102 236
103 236 114 236
115 236 126 236
127 236 138 236
139 236 150 236
151 236 162 236
163 236 174 236
175 236 186 236
187 236 198 236
0 237 0 248
15 237 26 237
27 237 38 237
39 237 50 237
51 237 62 237
64 237 75 237
76 237 87 237
88 237 99 237
100 237 111 237
112 237 123 237
124 237 135 237
138 237 149 237
150 237 161 237
162 237 173 237
174 237 185 237
186 237 197 237
7 238 18 238
19 238 30 238
33 238 44 238
45 238 56 238
57 238 68 238
69 238 80 238
81 238 92 238
93 238 104 238
109 238 120 238
121 238 132 238
133 238 144 238
145 238 156 238
157 238 168 238
169 238 180 238
181 238 192 238
195 238 196 243
197 238 198 243
3 239 14 239
15 239 26 239
27 239 38 239
39 239 50 239
51 239 62 239
70 239 73 241
75 239 86 239
87 239 98 239
99 239 110 239
111 239 122 239
123 239 134 239
135 239 146 239
147 239 152 240
153 239 158 240
159 239 170 239
171 239 182 239
183 239 194 239
3 240 14 240
15 240 26 240
27 240 38 240
39 240 50 240
51 240 56 241
58 240 69 240
79 240 90 240
91 240 102 240
103 240 114 240
117 240 128 240
129 240 140 240
141 240 146 241
159 240 170 240
171 240 182 240
183 240 194 240
3 241 14 241
15 241 26 241
27 241 38 241
39 241 50 241
57 241 68 241
75 241 80 242
81 241 92 241
93 241 104 241
105 241 116 241
117 241 128 241
129 241 140 241
147 241 158 241
159 241 170 241
171 241 176 242
177 241 182 242
183 241 194 241
3 242 14 242
15 242 20 243
21 242 26 243
27 242 38 242
39 242 50 242
51 242 62 242
63 242 74 242
81 242 92 242
93 242 104 242
105 242 116 242
117 242 128 242
129 242 140 242
141 242 146 243
147 242 158 242
159 242 170 242
183 242 194 242
3 243 14 243
27 243 38 243
39 243 50 243
51 243 62 243
63 243 74 243
75 243 86 243
87 243 98 243
99 243 110 243
111 243 122 243
123 243 134 243
147 243 158 243
159 243 170 243
171 243 182 243
183 243 194 243
3 244 14 244
15 244 26 244
27 244 38 244
39 244 44 245
46 244 57 244
58 244 69 244
70 244 81 244
82 244 93 244
94 244 105 244
106 244 117 244
118 244 129 244
131 244 142 244
150 244 161 244
162 244 173 244
181 244 192 244
195 244 198 246
3 245 14 245
15 245 26 245
27 245 38 245
49 245 60 245
61 245 72 245
73 245 84 245
85 245 96 245
97 245 108 245
109 245 120 245
121 245 132 245
135 245 140 246
141 245 146 246
147 245 158 245
159 245 164 246
165 245 176 245
177 245 182 246
183 245 194 245
1 246 12 246
13 246 24 246
25 246 36 246
37 246 48 246
49 246 60 246
61 246 72 246
73 246 84 246
85 246 96 246
99 246 110 246
111 246 122 246
123 246 134 246
147 246 158 246
165 246 176 246
183 246 194 246
1 247 12 247
13 247 24 247
25 247 36 247
37 247 42 248
43 247 54 247
55 247 66 247
67 247 78 247
79 247 90 247
91 247 102 247
103 247 114 247
115 247 126 247
127 247 138 247
139 247 150 247
151 247 162 247
163 247 174 247
175 247 186 247
187 247 198 247
1 248 12 248
13 248 24 248
25 248 36 248
43 248 54 248
55 248 66 248
67 248 78 248
79 248 90 248
91 248 102 248
103 248 114 248
115 248 126 248
128 248 139 248
140 248 151 248
152 248 163 248
164 248 175 248
176 248 187 248
188 248 199 248
0 249 11 249
12 249 23 249
24 249 35 249
36 249 47 249
48 249 59 249
60 249 71 249
72 249 83 249
86 249 97 249
108 249 119 249
120 249 131 249
132 249 143 249
144 249 155 249
156 249 167 249
168 249 179 249
180 249 191 249
