10
8 0 16 4 1 10 5 8 2 13 99 3 7 65 30 32 81 82 27 54 6 21 17 15 24 31 19 46 26 23 34 44 43 89 62 74 11
8 0 16 4 1 10 5 8 2 13 99 3 7 65 30 32 81 82 27 54 6 21 17 15 24 31 19 46 26 23 34 44 43 89 62 74 11
8 0 16 4 1 10 5 8 2 13 99 3 7 65 30 32 81 82 27 54 6 21 17 15 24 31 19 46 26 23 34 44 43 89 62 74 11
8 0 16 4 1 10 5 8 2 13 99 3 7 65 30 32 81 82 27 54 6 21 17 15 24 31 19 46 26 23 34 44 43 89 62 74 11
8 0 16 4 1 10 5 8 2 13 99 3 7 65 30 32 81 82 27 54 6 21 17 15 24 31 19 46 26 23 34 44 43 89 62 74 11
8 0 16 4 1 10 5 8 2 13 99 3 7 65 30 32 81 82 27 54 6 21 17 15 24 31 19 46 26 23 34 44 43 89 62 74 11
8 0 16 4 1 10 5 8 2 13 99 3 7 65 30 32 81 82 27 54 6 21 17 15 24 31 19 46 26 23 34 44 43 89 62 74 11
8 0 16 4 1 10 5 8 2 13 99 3 7 65 30 32 81 82 27 54 6 21 17 15 24 31 19 46 26 23 34 44 43 89 62 74 11
8 0 16 4 1 10 5 8 2 13 99 3 7 65 30 32 81 82 27 54 6 21 17 15 24 31 19 46 26 23 34 44 43 89 62 74 11
8 0 16 4 1 10 5 8 2 13 99 3 7 65 30 32 81 82 27 54 6 21 17 15 24 31 19 46 26 23 34 44 43 89 62 74 11
