750
71 861
743
877
723
532
228
663
471 12
2 711
499
360
327 119
251
467
334
478 227
722
166
430
960 195
504
754
926
854
732
161 805
559
694
179
603 619
455 350
429
825 566
830
648
64 788
314
797 612
871 774
626
990 846
893
812
955
565
192
502
623
110
949 744
729
571 816
844
385 231
999 932
978
128 564
488
83
690
911 513
665 426
222
867
886
406
301
836
443 615
546
486
157 256
516
450
143 144
194
948
5
246 548
705 716
595 30
802
828 168
553 413
98
46 330
127
408 249
219
953 253
333
462
543 469
35
741
136
3
490 44
852
26 673
889
446
924
474 95
966
650
315
89
395 288
116 689
201
592
573 840
771
23
790
280 853
245
476 410
148
375 289
848
174
121
92
657 681
785
215 578
606
20 91
725
874
519
424 273
787
550
617 720
530
957 382
500
109
520
621
31 941
88 703
302
348
472
668 55
260
366 697
718
698 399
551
678
747
583 434
588
834 200
75
278
505
299
435
102 631
594
422 438
240
895
817 345
268
677
165 934
420
575
783 376
576
433
13
555
126 96
740 290
313
819
93 452
627
358
285 372
287
991 58
312
63
320
751 338
855
216
795 609
581 65
11
517 580
597
298
45
693
21
608 146
584
655
752 632
933
250 996
501 894
142
149
724
525 318
982 124
8 620
509
189
884 527
649
404
666 927
734
842
987
554
708
514
130 558
380
255
79 582
217
753 535
99 147
936
481 339
995 18
860
187
888
636 415
24
457
328
688
203
454 572
6 891
799
946 837
736
672
483
234 67
730
733
935
175 198
629
768
409 684
482 847
412
436
757
913
915 685
263 236
779
963
411
0 883
719
416
748
190 968
365 511
865
562 324
786
706
335 965
281
209
342
712
241
721 306
695 765
570
497
997
53 343
70
188 432
378
137 670
247
994
950
118 353
19
951
549
654
613
389
349
41
717 534
470 659
282
675 737
329
114 156
845
972
232
155 51
196
872 153
804
213
975
14
252 937
82 61
567
993 206
364
541
887
691
643 458
714 789
140
909 674
839
169 873
90
878
25
262 856
739
233
921
769 945
814 862
468
809
560
351
160 117
357
929 910
78
508
728
942
976
254
319
701 383
524 710
815
491
292
792
561
746
87
164
158 355
686 291
305
344 150
634 494
129 637
309
226 401
325
272
73
644
829
547 796
258
692
906
473
85 414
998
849
60
36 495
679
275
922
984 770
943 916
905
903 52
181
777
484 37
552 625
707
123 801
528 47
539
492 304
332
954
387
536
204 32
370
354
68 979
667
599 307
177
267
428 587
208
507
756
42
485
242 618
212
163 940
397
986
311
66 537
125
899
111
239
577 386
880
7
244 76
4
614
367
17
806 418
308
557
38
183 590
316
735 521
57 947
776
533
545 568
870
902 15
381
393
466 180
398 980
286
640
803
50
864
300
475 151
652
869
340
859
522 402
656
939
653 437
210
423
185 368
662 868
904 133
784
265
154
962
823
460
394 841
425
170
607 363
641
821
646
660 628
34
835 589
261
969
750 700
283
593
27 115
303
876 223
726 758
120
611
225
235
238 218
683 624
243 449
9
879 956
702
159
920 919
182 257
374
145
48
938
277
284
405 331
391
687
86 885
479
970
296
682
882 138
202
813 97
761
229
958 105
197
77
983
211
352
760 798
671
336 661
141
122
647
639
461 715
419 373
540
896
630 503
908
791
818 173
907
463
515
39
22
392 214
981 973
359 600
658
326
167
362
447 977
742
989
205
556
923
453
221 563
985 781
407 337
964
780
704
773 371
297 94
108 967
775
441
442
266 270
451
680
531
778
178
427 518
616
431
456
890
843
755
811
898 264
669
321 510
294
396
800 833
850
28
139
831
162 523
269 384
176
832 101
824 134
875
512 763
49 496
585 72
81
369
901 341
186
276
199 388
103
106
952 664
440
645
295 866
586 10
767
62
184
638
794 390
745
379
900
863
271 542
917
591
403 622
526
892 544
961 709
361
459 80
569
642
421
596
113
84 69
439
448
1
988 598
465 676
172 40
738
400
602
445 259
347
279
959
918 131
974 930
230
444 928
480
604
713
635 808
132
610
858 633
248 464
971
931
417 171
498 601
881 793
377
346
851
224 152
356
207 857
529 759
489
506
782 651
820
826
16
29
822
605
193
810 762
56
772
112
191 731
944
33
914
912 838
107
310 59
317
43
696 237
322 897
574
579 699
827
100
764
135
925
274
220
807
293
538
992
487 54
477
104 749
74
766
323
727
493
