29 629 325 700 1050 1448 1750 3064 2256 2800 3659 3304 3459 4714 4550 4900 5250 5857 5950 6300 7133 7000 8209 7700 8050 8400 8668 9100 9944 9492
28 1 1012 701 1051 1560 1751 2101 2496 3014 3151 3501 3851 4201 4551 4901 5251 6040 5951 6991 7299 7001 7351 8003 8051 8914 8643 9101 9909
29 782 331 702 1052 2081 1752 2502 2222 2784 3152 3600 3852 4202 4595 4816 5780 5893 5952 6686 6860 7002 7352 8224 8052 8760 8974 9102 9452 9663
29 348 601 703 1462 1736 1753 2103 2157 2595 3329 3233 3853 4203 4273 4215 5848 5603 5645 6893 6638 7003 7751 7703 8053 8403 8541 8701 9453 9764
28 4 566 372 1494 1652 1754 2971 2228 2804 3154 3363 3854 4204 4431 4904 5254 6266 5954 6357 7090 7074 7964 7809 8054 8404 8553 8898 9454
29 291 510 705 1583 1146 1755 2105 2593 2459 3155 3391 3284 4205 5077 4839 5813 5605 6224 6305 6655 7005 7355 7368 8055 8405 8685 9105 9455 9805
29 487 269 706 1588 1406 1620 2106 2401 2806 3156 3441 3618 4206 4706 4871 5256 6217 5874 6306 6751 7006 7932 7480 8056 8406 8917 8787 9833 9806
29 385 357 707 1925 1606 1236 2107 2265 2807 3636 3615 3857 5179 4336 4907 5702 5607 5957 6307 6827 6814 7861 7720 8057 8794 8554 9107 9457 9807
30 662 988 708 1058 1305 1110 2108 2899 3022 3158 3739 3858 4866 4243 4908 5940 5867 5958 6308 6931 6631 7358 8171 8058 8408 9036 8493 9918 9808 9793
29 9 541 709 1407 1820 1759 2109 2570 2809 3159 3509 4072 4209 4559 4909 5700 5910 5959 6309 6577 7009 7359 7844 8059 8962 9384 9109 9459 9810
28 10 323 710 1541 1821 1695 2675 2197 2810 3160 3675 3860 4210 4637 4910 5260 5610 5960 6310 6326 7010 8143 8256 8060 8759 8830 9005 9490
30 11 882 711 1061 1474 1748 2869 2221 2811 3161 3306 3330 4238 4419 4911 5261 6088 5961 6311 6836 6797 7354 7886 8061 8411 9196 9111 9461 9811 9927
30 1000 958 61 1062 1280 1762 2112 2462 2812 3162 3997 3862 4212 5149 4778 5262 5678 5962 6789 6662 6803 7362 7822 8062 8412 8906 9112 9554 9825 9889
28 13 342 556 1063 1734 1981 2113 2314 2813 3532 3261 3863 4667 5015 4913 5263 5623 5963 6313 6691 7013 8181 7717 7923 8413 8965 9056 9823
29 526 194 714 1739 1447 1764 2114 2167 2824 3164 3910 3405 4700 4820 4414 5264 5393 5865 6314 7031 7014 7364 7392 8064 8414 8764 8724 9464 9990
29 15 177 513 1065 1289 1765 2699 2465 2523 3165 3896 4152 4795 4892 4915 5265 6116 5965 6315 6704 6900 7924 8067 8065 8415 9058 9115 9465 9592
27 16 366 716 1066 1842 1766 2116 2483 2816 3665 3763 3866 4604 4938 4916 5266 5458 5966 6316 6666 7016 7366 7989 8066 8416 8987 9116
29 17 242 717 1921 1951 1767 2117 2467 2817 3167 3654 3630 4799 4567 5043 5914 5826 5967 6317 6497 7017 7768 8098 8030 9162 9049 9117 9467 9644
28 18 761 718 1068 2002 1768 2552 2715 2818 3168 3787 3868 4218 4423 4422 5268 5618 5968 6318 6796 7018 8033 7754 8068 9031 8492 8944 9962
30 19 164 719 1069 1817 1612 2119 2266 2819 3344 3687 3869 4219 4643 4919 5907 5582 5625 6319 6345 6868 7369 7953 8069 8419 8769 9054 9469 9583 9839
29 20 63 720 1070 1476 1770 2120 2470 2820 3170 3531 3870 4220 5124 4920 5721 5922 6134 6407 6415 7020 7857 8219 7562 8420 8770 9120 9470 9938
28 21 383 606 1538 1459 1771 2121 2349 2410 3223 3991 3871 4221 4571 4921 5271 5336 5971 6625 7195 7021 7371 8191 8071 8421 8920 9121 9471
30 22 502 722 1580 1531 1772 2122 2395 2822 3172 3552 3844 4222 4981 4847 5272 5466 5367 6322 7234 6530 7372 7898 8048 8422 8470 8868 9472 9986 9843
28 2 742 723 2085 1647 1773 2626 2728 2614 3173 3834 3873 4223 4563 5014 5273 6143 5973 6323 6673 6941 7373 7745 7871 8423 9205 9123 9463
28 24 736 511 1074 1424 1247 2124 2686 2651 3174 3683 3874 4224 4814 4924 5274 6056 5974 6943 6987 7024 7566 7444 8074 8424 8705 8873 9497
29 492 567 374 1075 1248 1775 2125 2477 2825 3175 4021 3645 4225 5030 4759 5275 5816 5975 7141 6685 7025 7375 8335 8286 8425 8786 9078 9475 9756
28 26 597 726 1740 1521 1776 2126 2730 2826 3176 3861 3693 4226 4896 4926 5276 5626 5976 6624 6399 7026 7376 7726 8076 8923 8557 9126 9476
29 27 649 993 1077 2057 1777 2127 2587 2661 4043 3527 3877 4227 4659 4927 5277 5627 5473 6327 6677 7027 7377 7711 8077 8967 9038 9041 9477 9777
27 28 591 728 1078 1198 1778 2128 2478 2828 3559 3819 3878 4751 4848 4928 5818 6087 6046 6994 6401 7028 7917 7906 8078 8907 8761 9128
27 29 574 729 1232 1513 1779 2129 2692 2926 3525 3529 3656 4229 5146 4929 5279 6018 5979 6329 6679 7029 7379 7769 8079 8429 8779 9129
28 30 380 916 1080 1415 2040 2130 2690 2830 3180 3530 3397 4230 5082 4867 5280 5630 5980 6330 7259 7030 7743 8169 8080 8430 9139 8824 9480
29 31 647 731 1081 1225 1630 2131 2519 2831 3181 3968 4187 4599 5069 4931 5281 5643 5840 6331 6681 6664 7983 7680 8081 8431 9411 9008 9481 9831
29 32 542 304 1598 1129 1782 2132 2518 2832 3182 3163 3882 4232 4350 4932 5282 5632 5800 6332 7282 6942 7382 8374 8082 9226 8733 9132 9482 9832
30 33 265 733 1083 1660 1783 2133 2620 2759 3183 3812 3883 4233 5186 4955 5844 5646 5983 6333 6810 7033 7944 7843 8228 8433 8562 9446 9922 9456 9827
28 34 384 920 1084 1440 1131 2134 2392 2685 3709 3755 4012 4890 4584 4934 5284 5448 5984 6334 7295 7034 7384 7650 7926 8434 8784 9134 9932
28 631 45 735 1085 1071 1471 2657 2283 2835 3185 3520 3885 4235 4649 4935 5851 5342 5947 6962 7151 6967 7385 7735 8085 8989 9218 9135 9485
28 36 411 549 1086 1670 1443 2136 2290 2836 3317 3536 3528 4236 4652 4936 5286 5636 5986 6336 6457 7036 7386 7508 8086 8436 9108 8790 9486
28 37 867 644 1087 1135 1486 2619 2592 2837 3662 3478 3887 4237 4560 4937 5287 5505 5937 6875 6687 7037 7387 7636 8087 8437 9106 9137 9487
29 354 369 738 1088 1140 1464 2138 2803 2838 3188 3538 3611 4681 4278 4440 5288 5898 5988 6338 6695 7038 8385 7357 8088 9442 9308 9138 9488 9504
29 39 681 739 1089 1439 1789 2139 2693 2839 3595 3169 3711 4239 4596 4899 5289 5639 5989 6339 6684 7039 7766 7739 7836 8439 8892 8490 9517 9829
28 40 902 740 1788 1780 1790 2140 2374 2840 3515 3540 3290 4593 4591 4940 5290 5970 5911 6340 7272 7040 7390 7740 7618 8797 9274 8772 9840
28 521 441 741 1091 1483 1791 2676 2432 2841 3166 3320 3891 4241 4340 4671 5291 5641 5991 6341 6965 7041 7391 8323 8091 8441 9002 9079 9841
28 668 628 535 1092 1442 1701 2176 2291 2842 3192 3735 3892 4242 4864 4826 5292 5831 5992 7281 7251 7042 7639 8204 8092 8479 8454 9142 9842
28 43 827 743 2090 1665 1806 2679 2286 2843 3193 3772 3893 4727 4686 4943 5987 6070 5743 6343 6693 7043 7393 7613 8093 8908 8976 9020 9493
28 44 234 744 1094 1292 1794 2547 2469 2611 3194 3880 3577 4244 4636 4804 5956 5513 5994 6344 6992 6707 7394 8281 8094 8444 9091 9144 9494
29 7 764 745 1095 1689 1495 2145 3106 2845 3513 3927 3728 4245 4869 4945 5616 6250 5995 6826 6865 7045 7395 7621 8237 8445 8488 9145 9495 9715
28 421 804 746 1096 1637 1796 2146 2484 2605 3196 3293 3190 4570 5070 4946 5296 5879 5734 6346 6959 7046 7748 7746 8096 9052 8706 8902 9496
30 346 886 747 1097 1843 1797 2147 2551 2745 3197 3178 3558 4819 4396 4947 6098 5647 6093 6347 7245 7047 7397 8314 7709 8447 8440 8865 9912 9847 9884
29 950 524 748 1215 1067 1798 2148 2515 2848 3198 3648 3898 4564 4385 4948 5298 5799 5998 6348 6379 7048 7398 8165 8328 8448 8613 8969 9498 9848
27 49 229 749 1099 1959 1708 2542 2499 2849 3199 3410 3899 4249 4783 4490 5299 6219 5912 6349 6790 7049 7399 7749 8099 8964 9249 9149
29 674 592 809 1100 1402 1403 2653 2350 2850 3200 3480 3549 4640 4797 4654 5300 6100 6000 6350 7137 7050 7400 7750 8018 9044 8877 9150 9521 9818
28 51 401 956 1101 1310 1060 2151 2834 2851 3201 4059 3901 4251 4646 4590 5805 5651 6159 6351 7117 7051 7401 8124 8101 9065 8801 8409 9824
29 52 402 752 1102 1479 1802 2659 2529 2629 3202 3417 3840 4552 4346 4695 5835 6029 5819 6352 6358 7052 7402 8355 8036 9186 9061 9152 9502 9982
29 53 244 753 1103 1473 1803 2153 2762 2853 3203 3801 3903 4905 4603 4953 5303 5977 5649 6353 6703 6772 7403 8336 8358 8453 8875 8822 9503 9980
30 54 432 754 1104 1454 1804 2154 2504 2854 3204 3487 3607 4832 4315 4880 5304 5654 6004 6354 6999 6740 7808 7942 7761 8792 9303 8617 9838 9854 9959
29 626 405 660 1105 1692 1805 2766 2607 2855 3205 3820 3795 4255 4917 4578 5305 6265 6005 6355 6705 7055 7405 7934 8105 8455 8805 9155 9505 9855
29 56 712 663 1106 1933 1638 2156 2973 2856 3475 3189 3906 4256 5204 4972 5306 5858 6006 6356 7304 7056 7762 7756 7902 8456 8806 9156 9964 9924
29 57 880 675 1107 1735 1807 2923 2641 2170 3798 3557 3758 4257 4494 4395 5307 6295 6007 6935 7059 6795 7407 7757 8107 8457 8834 9093 9836 9850
28 704 169 758 1108 1828 1808 2158 2508 2858 3208 3614 3908 4258 5129 4958 5946 5703 6008 6384 6398 7058 7408 7583 8108 8458 8565 9158 9891
28 59 409 759 1109 1760 1809 2159 2501 2740 3209 3743 3909 4259 4489 4959 5309 5455 5489 6359 6426 7044 7409 7667 7733 9299 8777 8687 9791
30 60 120 463 1644 1460 1810 2160 2764 2703 3210 4086 4071 4260 4610 4960 5310 5832 6010 6785 6918 7060 7410 7760 8038 8460 8810 9160 9510 9860 9930
27 406 730 590 1636 1158 1384 2161 2665 2861 3211 3184 3587 4261 4611 4961 5745 5435 6077 6361 7280 7061 7411 8104 8111 8461 8563 9161
29 62 155 762 1112 1488 1812 2162 2646 2862 3212 4178 3912 4579 4877 4962 5312 5662 5512 6362 6367 7062 7412 7451 8112 8462 9071 8783 9512 9963
28 585 678 763 1175 1463 1589 2163 3085 2485 3213 3999 3913 4263 4903 4963 5313 6110 6013 7340 6648 6680 7413 8047 8113 8463 8767 9163 9513
27 64 979 667 1114 1586 1622 2164 2594 2781 3214 3911 3914 4264 4614 4942 5314 5872 5488 6674 6809 7064 7452 7365 8114 8464 8503 8901
29 65 415 765 1115 1411 1815 2165 2550 2698 3215 3565 3915 4265 4678 4568 5315 5325 6015 6365 6471 6689 7415 7427 8115 8465 9414 9165 9926 9577
28 595 680 766 1116 1466 1816 2166 2516 2866 3727 3260 3177 4266 4409 4966 5316 5601 6016 6366 6716 7112 7659 7870 8116 8872 8949 9166 9516
27 67 632 767 1487 1511 1419 2625 2517 2867 3217 3950 3917 4267 4873 4967 5317 6028 6017 7065 7292 6866 7417 7439 7837 9380 9083 9167
28 417 583 768 1118 1468 1573 2168 2876 2380 3388 3153 3918 4268 4853 4791 5759 5895 5395 6368 7268 7068 7418 7367 7818 8468 8816 9168 9518
29 69 522 769 1119 1180 1422 2169 2481 2497 3219 3829 3919 4269 4619 4969 5319 6180 6019 6944 7159 7069 7419 8239 8119 8916 9356 9169 9519 9869
29 70 420 770 1120 1152 1400 2749 2520 2870 3220 3570 4069 4270 4620 4970 5320 5793 6020 6370 6598 6792 7725 7973 8120 8937 9334 9170 9520 9870
29 71 528 771 1121 1785 1410 2171 2769 2143 3221 3255 3921 4685 4621 4613 5321 5419 6021 6820 7162 6714 7421 7795 8121 9062 8821 9171 9781 9709
28 72 968 416 1122 1822 1472 2257 2522 2872 3222 3572 3922 4272 4607 4720 5322 5921 6022 6372 6581 7072 7812 8128 8122 8472 8966 9172 9522
28 73 779 773 1123 1381 1823 2173 2815 2673 3250 4088 3923 4553 4623 5223 6248 5690 5655 6858 6584 7073 7423 8319 8123 8473 8589 9173 9523
29 74 721 774 1124 1284 1824 2718 2660 2874 3224 3691 3783 4274 4402 4974 5324 6214 5404 6374 6903 6970 8014 8182 8011 8812 8758 9174 9524 9885
29 444 1023 495 1125 1111 1841 2609 2525 2875 3634 3890 3612 4214 4710 4975 5709 5693 6025 6375 7201 7075 7425 7775 8125 8475 9154 9014 9525 9670
30 76 760 576 1126 1497 1604 2664 2860 2493 3813 3234 3926 4276 4712 4976 5326 5676 6026 6376 7321 7076 7426 8277 8126 8476 8743 8418 9526 9596 9948
28 77 540 777 1127 1832 1827 2177 2713 2877 3628 3982 3545 4277 4997 4977 5327 5850 6027 6377 6540 7077 8240 7699 8127 8477 8841 9177 9458
29 78 428 559 1128 1322 1458 2178 3134 2878 3228 3574 3928 4562 4332 4624 5328 6082 5561 6378 7087 6891 7428 7719 7772 8478 8545 9178 9528 9536
29 551 392 608 1654 1943 1829 2179 3084 2879 3229 3679 3929 4703 4833 4979 5329 5903 5652 6698 6619 7079 7429 7543 8129 9136 8946 9179 9529 9574
29 643 797 423 1409 1477 1830 2180 2345 2880 3230 3479 3930 4280 4390 4752 5330 6072 6030 6782 6784 7080 7430 7774 8130 8480 9257 8807 9530 9880
29 81 686 781 1577 1919 1831 2232 2390 2881 3831 3581 3931 4281 4745 5085 5331 6012 5746 6381 6369 6996 7431 7581 8131 8481 8532 9181 9531 9508
30 82 236 301 1132 1741 1480 2182 2957 2882 3232 4048 3932 4282 4464 4982 5332 5982 6032 6382 6732 7132 8073 7831 8132 8482 8569 9182 9532 9775 9973
29 83 433 783 1133 1900 1833 2487 2783 2883 3503 3431 3933 4650 4875 4787 5681 5555 6033 6706 6735 7083 7433 7783 8133 8755 8486 9337 9533 9626
27 84 41 784 1481 1897 1834 2184 3029 2884 3642 3781 3934 4693 4949 4984 5334 5252 6034 6830 7163 6966 7434 8231 7548 8484 8450 8438
28 488 218 785 1437 1800 1835 2185 2575 2774 3235 3585 3671 5060 5063 4985 5812 5339 5333 7086 6958 7085 7435 7936 8135 8485 8880 9185 9535
29 86 436 786 1136 1787 1611 2186 2334 2582 3236 3546 3936 4286 4918 4885 5852 6069 6036 6386 6644 6983 7436 8020 8136 8833 8960 8959 9664 9914
28 87 296 787 1493 1709 1928 2187 2765 2887 3237 3884 3937 4287 4200 4772 5337 6113 5664 6938 7283 6720 7437 8072 8137 8487 8912 9421 9933
28 88 518 788 1138 1605 1426 2188 2420 2888 3238 3325 3938 4288 5001 4988 5338 5465 6038 6388 6699 7088 7438 8213 7921 9066 8417 9188 9946
29 89 555 789 1516 1130 1839 2189 2928 2889 3239 3589 3939 4289 4780 5139 5882 5915 6039 6389 6438 7180 7767 8095 8139 8992 8839 9189 9539 9887
28 980 440 790 1556 1064 1840 2190 2533 2890 3240 3590 3940 4290 4250 4990 5663 5405 5856 6390 6856 6654 7595 7852 8140 8780 9011 9190 9998
28 91 794 791 1141 1657 1989 2200 2111 2891 3241 3591 3941 4291 4665 4991 5341 5369 6041 6391 6741 7091 7441 7472 8141 8752 9277 9191 9541
29 486 580 792 1142 1551 1417 2304 2149 2892 3855 3592 3942 4292 4642 4271 5830 5611 6042 6392 6608 7092 7442 8263 7702 8818 8842 9192 9542 9582
29 93 443 793 1143 1246 1558 2707 2543 2893 3243 3825 3943 4293 4387 4993 5343 6114 6043 6393 6743 7093 7443 8138 7804 8775 8843 9193 9543 9746
29 94 466 587 1144 1429 1844 2194 2172 2687 3244 3594 3715 4754 4951 4994 5873 5955 6044 6394 7196 6880 7972 7798 8144 8494 9141 8915 9940 9650
28 95 239 569 1430 1729 1845 2195 2911 2895 3245 3955 3668 4295 4625 4995 5345 5695 5619 6395 6745 7095 7445 8008 8145 8495 8845 8800 9545
29 96 695 493 1405 1602 1304 2196 2909 2896 3246 3925 3946 4663 4658 4996 5346 5696 5849 6396 6599 7096 7446 7689 8146 8496 8564 8610 9830 9859
30 97 849 458 1147 1801 1847 2662 2729 2897 3247 3302 3947 4297 5037 5152 5621 6117 6047 6397 6387 7097 7960 8154 8147 8911 8474 9197 9547 9745 9866
27 679 808 798 1148 1661 1600 2198 2548 2933 3734 3708 3948 4298 5097 4998 5348 5559 5841 6708 7063 7098 7448 7794 7873 8498 9127 9198
29 489 449 799 1149 1793 1699 2726 2385 2513 3249 3978 3949 4299 4666 4580 5349 5270 5881 6411 6749 6414 8000 7799 8149 8499 8749 9059 9549 9685
30 100 246 800 1727 1500 1850 2633 2790 2900 3622 4041 3567 4300 4719 4798 6151 6175 6050 6709 6750 6775 7450 7800 8150 8500 9063 9396 9550 9936 9645
29 101 266 801 1151 1360 1851 2201 2540 2901 3251 4131 3951 4301 4651 4638 5351 5920 6051 7328 7335 7101 7825 8109 8151 8501 8466 9201 9551 9643
29 102 399 802 1518 1528 1852 2786 3121 2902 3252 3521 3952 4702 4764 5002 5352 5533 6052 6660 6409 7213 7727 7937 8152 8870 8518 9202 9846 9902
28 103 689 803 1153 1523 1672 2203 2383 2903 3841 3629 3953 4303 4653 5003 5353 5777 6053 6952 6550 7103 7453 8316 8153 8407 9084 8882 9553
28 104 821 677 1154 1893 1854 2560 2597 2573 3764 3986 3954 4304 4950 5004 5354 5257 6054 7015 7223 7104 7874 7713 7935 8504 8781 8942 9787
28 105 614 805 1668 1356 1855 2205 2431 2905 3599 3605 3556 4305 4655 5005 5355 5705 6055 6405 6755 7105 7455 8049 8155 8505 8855 8451 9905
28 106 381 806 1156 1173 1856 2206 2245 2906 3256 3447 3956 4306 4656 5006 6288 5932 5624 6406 6665 7106 7456 7806 8156 8506 8856 9206 9556
28 107 715 205 2000 1507 1857 2207 2442 2907 4057 3904 3957 4307 4933 5007 5671 5864 6057 6776 6537 6783 7457 7796 8157 8774 8857 8850 9557
29 630 430 50 1461 1679 1858 2208 2608 2908 3258 3206 4030 4684 4367 5008 5358 5637 6058 6408 6758 6821 7458 7888 7958 8508 8858 9208 9468 9908
29 109 306 474 1544 1627 1597 2209 2204 2644 3259 3318 3959 4769 4857 5009 5757 5544 6059 6301 6613 6713 7785 7350 8159 8509 8859 9209 9559 9451
28 110 908 810 1160 2093 1860 2210 2670 2274 3789 3231 3960 4310 4748 5010 5360 5730 5653 6410 6760 7110 7912 7544 8025 9021 8860 9210 9910
29 111 115 811 1161 1579 1861 2211 2645 2463 3551 3888 3961 4311 4661 4808 5361 6280 6061 6854 6910 7111 7461 8199 8161 9037 9311 9211 9561 9911
29 112 453 812 1162 1503 1862 2212 2562 2912 3262 3596 3962 4312 4662 5012 5362 5657 6062 6697 6989 6973 7462 8117 8162 8512 8862 9212 9562 9474
28 500 5 813 1408 1721 1863 2213 2563 2150 3263 3613 3963 4313 4767 4573 5747 5760 6063 6413 6984 6793 8029 7813 8163 8513 8863 8909 9956
29 1005 414 814 1164 1416 1746 2214 2275 2530 3264 3550 3964 4314 5210 4840 5364 6198 6064 6924 6824 7114 7464 7459 8164 8514 8576 8983 9977 9705
29 600 231 815 1165 1525 1865 2215 2773 2915 3701 3507 3965 4786 4207 5013 5365 5985 5675 6670 6765 7115 7465 7885 7559 8515 9147 8627 9565 9560
29 116 750 1042 1166 1445 1537 2216 2649 2578 3266 3616 3966 4316 4845 4863 5366 6238 6066 6416 7187 7116 7920 7698 8166 8883 9370 9216 9566 9813
29 431 795 830 1836 2095 1867 2217 2697 2931 3267 3474 3578 4317 4978 5017 5866 5717 6067 6417 6650 7326 7467 7604 8167 9025 8698 9217 9567 9917
28 118 370 818 1168 1470 1868 2218 3005 2635 3268 3856 4076 4318 4668 5018 5368 5978 5786 6418 6400 6843 7468 8248 7821 8935 8815 8588 9568
28 108 469 819 1169 1353 1514 2219 2618 2919 3269 3664 3969 5058 5038 5019 5691 5719 5674 6799 7270 7119 7469 7819 7895 8519 9006 9219 9569
29 817 250 539 1693 1346 1870 2677 2521 2920 3824 3422 3747 4320 4670 5020 5714 5720 5842 6420 6896 7120 7470 8035 7956 8520 8896 9220 9953 9509
29 121 516 454 1171 1838 1871 2461 2571 2921 3271 3621 3647 4321 4531 5021 5371 5699 6071 6885 6791 7121 7471 8168 7943 8521 8871 9042 9571 9916
28 122 241 603 1436 1093 1872 2259 2572 2922 3272 3720 3972 4322 5212 5022 5372 5340 5762 6422 6694 7122 7791 7374 8172 9035 8837 9222 9572
28 123 473 823 2026 1659 1873 2223 3063 2453 3273 3456 3510 4323 5161 4555 5373 6231 6073 6736 7118 7123 7473 7396 8173 9406 8813 9223 9573
28 361 435 824 1174 1524 1874 2224 3066 2924 3274 4165 3722 4887 4647 5024 5374 6104 6074 6424 6774 7124 7378 8322 8174 8524 8874 9224 9651
29 1049 212 825 1263 1515 1875 2225 2488 2925 3275 3805 3975 4325 4456 5200 5375 5737 6075 6425 7286 7125 7965 7484 8175 8525 8803 9225 9575 9748
28 413 400 826 1176 1932 1876 2226 2399 2622 3276 3684 3846 4279 5092 5026 5943 6048 5564 6817 6320 6948 7572 7356 8176 8796 9184 8757 9710
30 127 734 501 1623 1696 1938 2227 2717 2927 3277 3356 3977 4854 4912 5027 5377 5727 5767 6427 6576 7127 7477 7998 8177 8922 9195 9227 9995 9615 9800
28 128 410 828 1643 1502 1677 2489 2916 2539 3323 3227 3359 4964 4746 4435 5378 5583 6078 6877 6889 7128 7853 7963 8178 8528 8878 9245 9578
28 129 517 829 1179 1704 1527 2229 2472 2799 3598 3597 3979 4329 5047 4723 5602 5925 6079 6429 6700 6923 7479 7829 8179 8529 9425 9229 9579
28 130 1040 478 1469 1990 1609 2230 2580 2930 3672 3765 3980 4736 4549 4575 5380 5710 6267 6430 6780 7130 7752 7830 8180 8530 8835 9095 9580
29 131 481 853 1181 1219 1881 2231 2243 2910 3562 3631 4034 4331 4211 5031 5665 6169 6081 6431 6802 6995 7481 8298 7718 8651 8599 8750 9581 9931
28 132 664 832 1182 1532 2059 2696 2886 2932 3282 4166 3319 4577 4469 5032 5761 5667 5620 6432 6380 6788 7933 7832 8330 9431 8995 9232 9834
29 397 977 833 1183 1267 1883 2233 3011 2631 3283 3713 3983 4333 4683 5033 5383 6014 6083 6433 7107 6661 7483 7939 7959 8621 8516 9233 9819 9883
28 134 92 407 1877 1188 1884 2234 2220 2934 3542 3543 3984 4334 4682 5034 5384 5996 6084 6886 6324 7134 8089 7834 8184 8534 8768 9234 9584
30 135 425 835 1185 1562 1885 2235 2585 2935 3285 3635 3985 4821 4718 4779 5385 5749 5687 6435 6566 6453 7485 7770 8185 8990 9013 9235 9585 9935 9462
29 598 451 836 1591 1545 1886 2236 2353 2936 3286 3425 3575 4389 4980 4882 5839 5820 6086 6696 6906 6463 7475 8031 8001 8536 9254 9236 9586 9974
29 137 6 837 1187 1277 1887 2237 2599 2937 3287 3637 3998 4337 4687 4823 5467 5460 5886 6437 6787 7099 7715 7422 8187 8972 8568 9237 9851 9965
27 138 85 838 1617 1401 1506 2238 2946 2938 4117 3207 3988 5036 4822 4592 5542 5738 5692 6954 6950 6542 7488 7511 8188 8538 9265 9238
28 139 937 1030 1189 1186 1889 2239 2589 2939 3289 3186 3610 4339 4516 5039 5382 5297 6089 6882 6312 7139 7489 7839 8118 8539 8852 9239 9589
29 140 654 840 1190 1157 1890 2240 3015 2940 3785 3472 3990 4725 4690 4657 5390 6137 6090 6440 7108 7140 7381 7816 8190 8540 8691 9070 9814 9656
28 1022 359 841 1191 1303 1891 2241 2591 2941 3291 3641 3754 4341 4602 5041 5391 6002 5993 6756 6907 6781 7947 8387 7721 8719 8891 9241 9770
29 142 58 842 1192 1584 1904 2242 3131 2942 3292 3828 3992 4342 4788 5042 5392 6001 6092 6442 7188 6953 7879 7432 7553 8938 8739 9242 9966 9934
29 143 263 125 1193 1610 1504 2581 2322 2943 3522 3649 3993 4343 4284 4605 5614 6085 5909 6443 6553 7143 7950 7666 8193 8543 8893 9243 9593 9943
29 319 316 844 1194 1278 1894 2244 2514 2944 3294 3771 3994 4344 4939 5044 5394 5870 6094 6829 6722 7144 7494 7556 8194 8544 8744 9244 9594 9450
29 145 775 845 1195 1167 1895 2751 2191 2945 3295 3875 3995 4898 4606 5045 5795 5715 6095 6445 6527 6813 8027 7845 7788 8828 9267 8756 9595 9945
29 146 671 846 1196 1811 1896 2246 2821 2588 3296 3384 3996 4952 4355 5046 5396 5311 6096 6446 6668 7146 7496 7778 8359 8956 8401 9246 9876 9888
27 147 429 847 1197 1645 1914 2247 2368 2788 3297 3900 3588 4347 4800 4762 5718 5964 6097 6447 7011 7147 8269 7847 8197 9027 8410 9247
29 199 419 848 1380 2098 1898 2998 3101 2948 3298 4024 3623 4348 4698 4841 5648 5686 5773 6901 7322 7148 7901 7416 8198 8963 9016 9248 9598 9822
29 149 365 447 1199 2003 1899 2249 2736 2949 3299 3539 3563 4349 5191 5049 5399 5537 6099 6449 6770 7149 7499 8321 7686 8958 8999 8799 9599 9890
29 659 949 850 1200 1581 1866 2250 2600 2950 3751 3650 4000 4582 4275 5050 5752 6003 5563 6450 7212 7150 7994 8195 8200 8550 8673 9250 9600 9782
29 368 620 562 1201 1758 1901 2251 2601 2951 3301 3601 4001 4351 4364 5051 5401 5666 6101 6451 6801 6841 7501 7851 8201 8899 8730 9068 9601 9913
28 152 673 852 1202 1761 1902 2252 2327 2952 3897 4093 4002 4766 4302 5052 5402 5612 6102 6452 7265 7152 8266 7891 8202 8552 8626 9032 9602
29 293 878 547 1203 1431 1903 2253 2416 2953 3303 3653 4003 4632 4497 5053 5403 6076 5776 6846 7012 7153 7503 7701 7577 8679 8903 9342 9603 9570
30 154 780 737 1204 1255 1220 2254 2801 2794 3379 3517 4004 4354 4704 5054 5899 5754 5644 6454 7022 6855 7498 7897 7742 9086 8523 9281 9604 9991 9957
29 588 613 855 1205 1079 1905 2255 2846 2955 3576 3411 4005 4556 4705 5055 5453 5887 6105 6455 6764 7155 7505 8357 7969 8555 8864 9255 9605 9707
29 156 875 572 1206 1438 1906 2445 2606 2956 3534 3655 3348 4356 4641 5056 5406 5756 6106 6816 7102 7156 7506 7476 8206 8556 8825 9256 9606 9563
28 427 237 857 1207 1557 1907 2510 2775 2503 3307 3818 4007 4357 4711 5057 5407 5359 6107 7244 6870 7157 7507 7815 8207 8776 9104 9064 9607
29 158 261 858 1208 1414 1098 2782 2439 2994 3308 3508 4008 4358 4708 4893 5408 5758 6108 6717 7289 7158 7736 7705 8208 8558 8443 9258 9608 9958
28 184 482 859 1209 1547 1909 2452 2175 2959 4156 3843 3502 5091 4247 5059 5409 5876 6109 6459 7071 6779 7509 7859 7802 8559 8432 9259 9609
28 160 776 860 1210 1451 1910 2260 2610 2960 3310 3958 4010 4360 4478 4216 5410 5900 5421 6460 6569 7160 7510 8384 7823 8560 8702 9260 9507
29 161 1045 861 1211 1908 1911 2358 2844 2544 3703 3661 4011 4817 4558 5061 5411 5781 6111 6767 6811 7161 8378 8343 8041 8517 8948 9261 9611 9961
27 666 651 862 1212 1227 1635 2262 2480 2962 3312 3187 3760 4581 4770 5062 5376 5519 6112 6462 6501 6519 7512 7420 8212 8838 8712 8511
28 163 545 863 1213 1563 1913 2451 2557 2963 3313 3257 4013 4363 4335 4635 5413 5880 5808 6484 7145 6607 7513 7810 7854 9122 8602 9263 9613
30 688 333 864 1214 1433 1484 2264 2511 2767 3314 3335 4014 4701 4330 5064 5414 5495 5823 6464 7329 6956 7514 7741 8214 8625 8998 9264 9614 9506 9815
29 367 725 865 1561 1351 1915 2466 3007 2965 3315 3364 3681 4365 4527 4782 5981 5426 6115 6800 6628 7165 7515 8046 8215 9018 8978 9339 9820 9893
29 166 471 534 1216 1691 1937 2509 2366 2966 3639 3586 4016 4944 4319 5066 5416 5712 5928 6466 6456 6849 7516 7850 8216 8566 9099 9266 9937 9988
29 8 165 387 1217 1567 1626 2267 2808 2967 3657 3667 4017 4986 4796 5067 5417 6161 6251 6467 6768 7167 7517 8382 8217 9028 9228 8826 9617 9921
29 168 438 868 1218 1568 1918 2268 2735 2652 3695 4028 4018 4368 4675 4294 5418 5450 6118 6468 6818 7168 7860 8243 7801 9055 8973 9268 9618 9925
28 751 238 869 1452 1569 1722 2269 2999 2969 3894 3669 3807 4844 5231 5157 5894 6091 6119 6981 6630 7169 7519 7869 7946 8861 8980 9269 9619
29 90 520 870 1684 1570 1920 2270 2590 2970 3541 4188 4020 4370 4956 4529 5420 5283 6120 6470 6633 7277 7520 7389 8220 8570 8928 9270 9620 9636
27 171 683 618 1221 1642 1564 2271 2852 2565 3321 3349 3742 4371 4987 4811 5722 5846 6121 6552 6738 7171 7521 7388 8221 8571 9148 9271
29 575 890 379 1222 1374 1922 2272 2829 2972 3643 3793 4022 4372 4836 5072 5422 5731 5926 6472 6822 7172 7738 7866 8222 8572 8527 9272 9622 9721
28 173 364 615 1223 1624 1923 2273 2309 2873 3740 3444 4023 4373 4466 5073 5423 5918 6123 6473 7166 7173 7523 7787 8223 8573 8811 9273 9623
29 174 172 874 1224 1846 1924 3008 2624 2974 3324 3674 3696 4760 4724 5074 5896 5774 6124 6474 6980 7174 7900 7454 7790 8574 8924 9087 9699 9900
29 175 571 506 1607 1457 1711 3118 2464 2975 3762 3814 4025 5011 4696 5075 5425 5440 6125 6475 6825 6908 7976 7803 8225 8575 8747 9275 9625 9489
29 176 14 670 1226 1963 1926 2276 2460 2976 3326 3848 4026 4376 4674 4803 5697 6103 6126 6476 6734 6911 7526 7876 8226 8905 8616 9276 9752 9975
29 167 839 877 1535 1279 1927 2277 2863 2527 3327 3976 4027 4377 5156 5023 5427 5916 6127 6477 6657 7177 7527 7903 8227 8577 8927 9077 9627 9564
28 178 68 917 1786 1998 1615 2278 2476 2978 3752 3821 3724 4378 4923 5078 5428 5502 6128 6478 6847 7178 7528 7848 8043 8578 8426 9067 9628
29 179 617 879 1229 1090 1929 2961 2929 2979 3791 3879 4029 4379 4248 5079 5609 5528 6129 6479 6500 7179 7529 7492 8362 8579 8929 9279 9629 9731
27 496 530 113 1230 1072 1054 2532 2833 2980 3526 3651 3827 4380 4609 5080 5430 5901 6130 6480 6702 6834 7530 7880 8230 8580 8930 9280
28 181 292 724 1231 1465 1587 2281 2898 2981 3381 3288 4031 4381 5211 4756 6011 5707 6131 6481 6998 7181 7531 7881 8196 9030 9251 8886 9981
30 182 727 124 1632 1286 1571 2282 2479 2982 3524 3850 3721 5118 5233 4999 5432 5782 6132 6482 6688 6997 7532 7882 8232 8582 8890 9282 9632 9499 9928
29 607 533 609 1233 1055 1676 2577 2468 2983 3333 4096 4033 4383 4983 5083 5278 5785 6133 6887 6920 6523 7991 7951 8233 8583 8467 9283 9633 9923
28 245 656 884 1234 2028 1714 2284 2104 2984 3334 3864 3633 4749 4734 5084 5434 5821 5885 6969 7089 7184 7534 7590 8234 9312 9314 9057 9873
29 185 422 561 1235 1592 1717 2285 2545 2785 3838 3685 4035 4598 4738 4572 5713 5628 6135 6485 6879 7185 8090 7706 8235 8697 9023 9285 9635 9985
29 639 627 133 1888 1467 1936 2263 2419 2986 3336 3409 4036 4386 4587 5086 5436 5688 6136 6493 7008 7186 7536 8192 8236 8586 9131 9286 9828 9538
29 665 329 887 1237 1428 1614 2287 2342 2987 3337 3519 4037 4860 4737 5087 5437 5787 5634 6487 6777 7288 7537 8373 7957 8587 8931 9287 9637 9712
29 188 623 888 1238 1631 1795 2288 2702 2988 3338 3688 4038 4388 4688 5108 5438 5788 5908 6488 6838 6926 7538 7404 8238 8785 8542 8435 9638 9576
30 1002 1008 350 1239 1662 1163 2666 2639 2700 3339 3741 4039 4557 4644 5089 5439 5789 5891 6986 6839 7189 7539 7889 8103 8823 8753 9289 9639 9466 9511
29 190 157 452 1423 1308 1940 2486 2389 2990 3340 3265 4040 4630 4740 5090 5775 5765 6140 6490 6371 7190 7540 7890 7828 8590 8795 9290 9640 9994
28 191 302 497 1241 1539 1685 2492 2632 2991 3341 3967 4009 4391 4697 4394 5441 5833 6216 6491 6763 7191 7782 7974 8241 8591 9304 9291 9641
29 192 412 892 1882 1747 1942 2292 2192 2992 3342 3280 4042 5158 4792 4676 5442 5792 5741 6759 6597 7192 7975 7892 8242 8592 9080 9292 9992 9642
29 475 543 893 1243 1593 1792 2293 3093 2993 3343 3719 4085 4393 4743 5093 5443 5807 5613 7220 6373 7193 7672 8106 7688 8593 8887 9293 9979 9716
27 883 544 424 1244 1594 1944 2294 2754 2741 3638 3278 4044 4234 5028 5094 5739 5683 6144 6494 7007 6913 8205 7913 8019 8594 9203 9294
29 195 141 476 1245 1947 1945 2295 2680 2995 3345 3775 3808 4829 4534 5095 5445 5838 6145 6495 6525 7019 7545 7730 8245 8595 8851 9295 9906 9591
28 196 332 896 1137 1596 1946 2296 2328 2996 3346 3907 4046 4597 4499 5096 5446 6060 6284 6496 6328 6558 7546 7896 7955 9085 8829 9296 9996
30 197 831 897 1432 1648 1595 2772 2647 2997 3347 3670 4047 4397 4889 4886 5447 5740 6147 6667 6502 7197 7547 8007 8247 8597 9320 9090 9647 9760 9794
29 658 66 898 1425 1082 1948 2298 2568 2793 3604 3698 3690 4813 4914 5098 5386 5803 6148 6498 6848 7198 7833 8307 8255 8598 8766 9298 9648 9947
28 450 927 899 1249 1599 1949 2299 2566 2137 3790 3593 4049 4834 4755 5099 5449 5660 5608 6499 6932 6917 7938 7645 8013 8881 8533 9397 9649
29 200 550 900 1250 1510 1228 2300 2596 3000 3350 3700 4050 4768 4691 5100 5573 5400 6150 6444 6850 7200 7550 7978 8250 8600 8950 9300 9894 9515
29 201 505 901 1251 1601 1738 2301 2814 2458 3351 3859 3836 4401 5135 5101 5451 5801 6242 6951 6930 6725 7551 7792 8251 8601 8951 9301 9856 9920
29 202 552 390 1252 1496 1952 2302 2723 2584 3352 4189 4052 4862 4535 5102 5452 5802 6152 6828 6412 7202 7552 7793 8252 9159 8952 9302 9652 9501
28 418 553 903 1253 1732 1953 2303 3024 3003 3756 3311 4053 4876 4753 5103 5670 5999 6153 6503 6853 7203 7414 7447 8253 8603 8953 8667 9653
28 272 554 904 1520 1361 1954 2695 2654 3004 3354 3981 4054 4404 5068 5104 5454 5516 6154 6504 7238 7204 7554 8262 8254 8849 8459 8941 9999
28 638 373 905 1849 1818 1955 2305 2655 3097 3253 3383 4055 4405 4669 5105 5381 5295 6155 6505 6574 6878 7555 7522 8040 8605 8955 9048 9655
28 206 455 906 1256 1395 1956 2306 2770 2864 3627 3784 4056 4406 4628 5106 5682 5794 6065 6506 6321 6851 8097 8070 8005 8606 9075 9306 9967
29 207 153 907 1257 1619 1720 2307 2289 2553 3357 3707 3617 4407 4757 5107 5457 5539 6157 6507 6483 7207 7557 7638 8257 8607 8957 8802 9657 9741
28 208 558 460 1258 1517 1334 2494 3006 2535 3358 3782 4058 4408 4616 4922 6229 5769 6158 6508 7176 7208 8367 7491 8258 8608 9039 8788 9658
28 636 778 909 1259 1737 1449 2623 2152 3009 3571 3699 3794 5134 4897 5109 5459 5809 5828 6509 6808 7209 8210 7610 8259 8609 8452 9309 9989
29 210 560 398 1260 1478 1669 2310 2297 3010 3360 3710 4060 4410 5181 5110 5659 5810 6160 6510 6652 7210 7560 7910 8260 8985 8836 9310 9660 9896
28 211 144 599 1819 1434 1961 2311 2537 2583 3361 3889 4061 4411 4731 5111 5461 5811 5633 6653 6861 6961 8032 8249 8261 8611 9214 9118 9661
29 504 851 912 1262 1489 1962 2668 2123 3012 3362 3830 4062 4412 5248 5112 5462 6167 6162 6512 6982 6465 8010 7460 8134 8612 9439 9092 9662 9634
27 213 362 913 1799 1613 1576 3068 2382 3013 4182 3702 4063 4413 4763 5113 5919 5255 6163 6513 6863 6833 7986 7586 7504 8798 8754 9313
29 570 564 531 1264 2036 1964 2598 2142 2604 4082 3987 4064 4781 5000 4747 5464 5547 6164 6514 6570 7214 7564 7600 8264 8614 8449 9034 9997 9774
30 215 565 915 1265 1837 1965 2315 2199 2758 3365 3300 3803 4415 4831 5115 5568 5945 6165 6515 7100 7215 7565 7732 8265 8615 8763 9315 9665 9879 9826
29 216 38 985 1769 1618 1966 2316 2506 2756 3518 3716 4066 4416 4326 5116 6236 5772 6166 6516 6976 6757 7712 7535 8012 8751 9153 9316 9666 9897
30 217 640 12 1266 1757 1967 2317 2377 3017 3367 3989 4067 4417 4296 5117 5784 5817 5526 6517 6867 6960 7563 7474 7814 8726 8919 9317 9667 9612 9835
28 873 955 918 1608 1616 1968 2318 2763 3018 3368 4192 4068 4418 4400 4825 5468 5444 6168 6518 6964 7218 7568 7918 8268 8618 8819 9318 9668
27 219 885 919 1269 1553 1969 2319 2313 3019 3369 3697 3832 5154 4874 5119 5469 5732 6234 6721 6869 7219 7569 8332 7915 8619 8921 9319
29 220 257 687 1519 1756 1970 2320 2761 3020 3370 3905 4070 4692 4448 5120 5470 6225 6170 6520 6807 6690 7570 7842 8270 9000 8644 8947 9875 9858
28 221 843 921 1534 1621 1971 2321 2722 2714 3371 4032 3632 4421 4771 5121 5471 5939 5482 6521 6955 7221 7571 7574 8271 8884 9430 9321 9671
29 222 382 922 1272 1653 1703 2648 2330 2617 3372 3974 3780 4594 4338 5122 5472 5822 6172 6522 6974 7222 7856 7922 8272 9073 8771 9322 9672 9919
29 223 755 923 1273 1585 1973 2989 2868 3023 3373 3723 4073 4883 4810 4793 5796 5491 6173 6771 6403 6859 7573 7914 8273 8623 8943 9323 9673 9882
28 224 621 924 1667 1984 1974 3142 2674 2705 3374 3944 4074 4424 4774 4246 5474 5824 6174 6524 6423 6683 8160 8203 8274 8624 8491 9082 9674
28 225 997 925 1275 1625 1975 2325 2110 3025 3733 3725 4075 4425 4645 5125 5475 5825 5259 6845 6337 7225 7588 8100 7971 8846 8984 9325 9675
29 226 282 926 1276 1664 1441 2326 3001 2663 3376 3726 3582 4426 4217 5126 5476 6190 6176 6526 6805 7226 7576 8084 7704 9146 8994 9326 9676 9864
29 227 577 515 1655 1509 1977 2746 2776 2787 3377 3216 4077 4427 4865 5127 5477 5827 6177 6678 6428 7227 8009 8063 8015 8820 8981 9327 9677 9862
29 228 578 928 1159 1412 1978 2549 2977 3028 3378 3895 4078 4428 5243 4870 5478 5742 6178 6528 7267 7228 7578 8393 8278 8628 9194 9328 9678 9901
28 240 624 396 1554 1533 1979 2329 2312 2534 3500 3625 4079 4429 5035 4744 5972 5829 6179 6529 7284 7229 7883 7907 8279 8629 9352 9329 9987
28 230 189 930 1628 1268 1578 2778 2710 3030 3380 3418 4080 4902 5240 5130 5480 6080 5669 6804 6618 7230 7580 7930 8280 8630 8428 9330 9680
29 465 581 931 1281 1825 1916 2331 2768 2658 3732 3561 4081 4554 4362 5131 5481 5388 5815 6531 6881 7231 7781 7661 7632 8631 8977 9331 9681 9970
30 232 1007 932 1282 1972 1982 2332 2682 3032 3382 3767 3779 4432 5065 5132 5902 5398 6182 6532 6439 7232 7582 8288 8282 8632 8982 9332 9682 9694 9881
30 233 203 933 1283 1723 1983 2333 3031 3033 3705 3817 4083 4433 4465 5133 5483 5791 6183 6934 6748 7233 7758 7482 8283 8633 9399 9333 9954 9727 9886
30 119 525 934 1745 1634 1530 2701 2579 2630 3646 3248 4084 4434 4784 4615 5484 6138 6184 6534 6884 6761 7977 7694 8284 8634 9015 9335 9684 9683 9624
28 235 699 193 1285 1912 1057 2335 3141 3035 3385 3242 3689 4228 4631 5189 5485 5302 5883 6535 6421 7235 7849 7867 8285 9089 8497 8979 9899
29 404 929 936 2086 1332 1986 2336 2628 3036 3386 4148 3451 4436 4851 4403 5486 5836 6186 6536 6434 7236 7894 7360 8110 8636 8986 9336 9686 9976
29 507 796 696 1287 1675 1987 2918 2894 3037 3387 3737 4087 4437 4733 5137 5487 5837 6187 7216 6486 7237 7587 8276 8287 8637 8469 8936 9687 9895
27 519 25 938 1288 1499 1988 2569 2688 3038 3729 3483 3573 4438 4420 5138 5744 5379 6188 6538 6555 6728 7493 7549 7826 8638 8988 9338
28 353 391 939 1145 1639 1526 2339 2904 3039 3389 3876 4089 4439 5025 5143 5751 5935 6189 6539 7243 7239 7589 7904 8289 8639 9288 8817 9689
29 498 355 940 1290 2030 1309 2340 2402 3040 3390 3706 4090 4566 4790 4565 5490 5415 5617 6754 6436 6927 7893 8379 8290 8640 8809 9340 9690 9942
29 472 1009 499 1291 1731 1590 2341 3002 3041 3759 3902 4091 4441 4750 5141 5904 5726 6191 7261 7035 7241 7591 8037 7542 9007 8991 9341 9691 9853
29 479 895 942 1859 1744 1992 2637 2603 2724 3392 3535 4092 4442 5207 5142 5492 5631 6192 6672 7054 6742 7592 7487 8292 8642 8489 9390 9692 9951
28 243 593 943 1293 1572 1993 2343 2857 3043 3393 3676 3749 4443 4629 4612 5493 5905 6193 6543 6912 6622 7593 7789 8293 8665 8604 9343 9693
28 807 602 944 1294 1435 1994 2344 2694 3044 3394 3744 4094 4444 4384 5144 5494 5755 6194 6544 6894 6302 7594 7383 8294 8714 8561 9344 9898
29 645 548 945 1295 2034 1718 2914 2370 3045 3395 3678 4095 4445 4965 5229 5764 5527 5771 6545 6895 6852 7929 7945 8295 8645 8738 9345 9695 9778
29 148 894 946 1960 1324 1996 2346 2181 3046 3396 3799 3332 4446 4459 4589 5735 5629 6196 6546 6719 7246 7596 7707 8296 8646 8507 9346 9696 9801
29 247 376 344 1297 2094 1997 2347 2434 2671 3555 3353 4097 4447 4467 4827 5497 5875 6197 6547 6897 7247 7597 7584 7786 8647 8997 9347 9697 9654
30 248 46 948 1298 1444 1980 2348 2280 2750 3398 3748 3792 4758 4308 5148 5716 5253 5269 6548 6605 6812 7598 8211 7784 8648 9183 9348 9698 9706 9903
27 249 978 834 1299 1649 1999 2760 2683 2737 3399 4198 4099 4449 4776 4574 5499 5344 6199 6747 6601 7249 7599 7877 7633 8649 8551 9349
30 470 461 117 1300 1869 1505 2258 2323 3050 3400 4158 4100 4450 4626 5150 5500 5597 6200 7250 6404 6842 8275 7575 8300 9026 8620 9350 9700 9968 9892
30 251 653 951 1059 1651 2001 2791 2507 3051 4143 3305 4101 4451 4252 5151 5501 5923 5638 6551 6448 7129 8023 7811 8301 8622 9140 9351 9803 9758 9915
28 252 586 952 1302 1774 1363 2352 2792 3052 3402 3328 4102 4452 4802 4283 5685 5814 6202 6715 6902 7252 7602 7353 8302 8652 8791 8961 9702
28 253 822 953 2064 1814 1549 2404 2473 2491 3403 3753 4103 4824 5076 5153 5604 5853 6203 7113 6876 7253 7603 7884 8303 8653 9003 9353 9844
30 254 604 954 1574 1404 2004 2354 2704 3054 3404 3512 4104 4454 4971 4925 5504 5535 6204 6554 6904 7254 7779 7954 8304 8654 9004 9354 9704 9821 9534
27 255 75 568 1313 1763 2005 2355 2913 3055 3626 3423 4105 4455 4509 5155 6221 5790 6205 6651 6905 7255 7605 8246 7765 8655 9110 9355
27 256 732 537 1306 1712 2006 2356 2706 3056 3406 4137 4106 4608 4806 4392 5506 6122 6206 6556 6786 7256 7967 7941 8306 8656 9215 9043
28 214 183 957 1307 1710 2007 2357 2193 3057 3407 3270 3746 4457 4721 4660 5507 5600 6207 6557 6724 7257 7607 7708 7875 8657 8641 8832 9590
28 258 935 563 1728 1053 2008 2672 2708 3058 3547 4168 4108 4458 4375 4601 5508 5656 6208 6744 6592 7258 7608 7962 7996 8658 8650 9358 9708
27 259 136 959 1658 1413 2009 2359 2709 3059 3686 3945 4109 4729 4352 5159 6146 5565 6209 6559 6909 6701 7609 8183 8024 8659 9009 9359
29 260 611 960 1939 1641 2010 2337 2351 3060 3666 3757 4110 4460 5114 5160 5510 5554 6210 6560 7138 6971 8075 7949 7764 8660 9010 9360 9865 9765
27 508 338 961 1311 1498 2011 2361 2638 3061 3579 3761 4111 4461 5071 4673 5511 6292 6211 6561 6773 6946 7611 7961 8311 8661 9053 9361
28 262 612 962 1312 1150 2012 2362 2712 3062 3412 3768 3583 4462 5228 5162 6035 5862 6212 6562 7290 7262 7612 7948 8312 8662 9012 9362 9552
29 408 79 963 1492 1656 2013 2363 2968 2689 3516 3717 4113 4463 4398 5163 5724 5701 6213 6922 7248 7263 7380 7855 8313 8663 9103 9363 9713 9484
28 264 990 964 1540 1917 2014 2364 3021 2780 3414 3544 4114 4850 4888 5164 5514 5389 5725 6564 7309 7264 7614 7909 8218 8664 9113 9252 9714
28 445 204 965 1315 1950 2015 2365 2155 3065 3415 3171 4115 4852 4815 5165 5515 5728 6215 6565 6533 6730 7846 7486 8315 8926 8442 9365 9877
29 394 284 966 1316 1512 2016 2753 2546 2574 3416 3490 3316 5029 5048 5166 5804 6243 5640 6675 6892 7266 7616 7524 7858 8666 9130 8808 9993 9939
29 267 23 967 1317 2077 2017 2367 2615 3067 3569 3865 3809 4501 4968 5167 5859 6201 5606 6567 6609 7205 7617 7424 8317 8804 8940 9367 9717 9929
29 268 871 546 1318 1155 2018 2554 2174 2669 3704 3673 4118 4468 4973 5168 5518 5868 6218 6568 6710 6766 7997 7648 8318 8715 9366 9368 9718 9558
28 356 619 969 1319 1719 2019 2369 2719 3069 3419 3872 4119 4679 4709 5169 5433 5661 5572 6947 6919 6723 7619 7863 7773 8669 9019 9369 9719
28 270 573 970 1320 1314 2020 2642 2720 3070 3420 3770 3778 4470 4627 5170 5258 5347 6220 6864 6563 7224 8039 7970 8320 8670 9143 8975 9720
29 271 872 650 1321 1671 2021 2371 2721 2727 3421 3644 4121 4471 5188 5171 5521 5871 5708 6571 7131 7271 7763 7466 7585 8671 9262 9371 9703 9969
29 605 622 972 1985 1853 2022 2372 3098 3072 3179 3225 4122 4472 4716 5172 5522 6037 5930 6572 6929 6798 7622 7862 7905 8672 9040 9372 9972 9812
29 273 891 973 1680 1490 2023 2373 2279 3073 3511 3773 4123 4473 4699 5173 5523 5397 6223 6794 6692 7273 7623 7984 8390 8900 8547 9373 9723 9837
29 274 633 974 1646 1398 2024 2747 2144 3074 3424 3774 4124 4474 4495 4617 5524 5294 5694 7154 6647 7274 7624 8142 8324 8674 8934 9374 9867 9500
28 275 625 975 1325 1240 2025 2375 2725 3075 3157 3401 3712 4475 4382 5175 5525 5503 5704 6325 6925 7275 7625 8291 8325 8675 8635 9375 9725
28 276 55 976 1326 1456 1666 2376 2871 3076 3426 3881 4126 4476 4828 5176 5424 5913 6226 7094 6972 7276 7626 7525 8326 8676 8446 9376 9726
28 277 48 514 1327 1878 2027 2738 3071 3077 3427 3777 3806 4477 5147 5177 5845 5877 6227 6342 6659 7057 7627 8305 8327 8677 9094 9377 9728
29 278 490 523 1328 1826 1177 2378 2526 3078 3428 3453 4128 4732 4639 5178 5779 6171 6228 6578 7170 7278 7628 8189 7919 8678 8567 9378 9816 9555
28 279 484 1048 1329 1274 2029 2379 2743 3079 3429 3694 4129 4479 4957 4785 5529 5431 5673 6579 6669 7279 7629 7979 8329 9072 9419 9379 9802
29 280 0 610 1330 1663 1301 2643 2118 3080 3430 3624 3331 4480 5213 5180 5530 5498 6230 6580 7206 6711 7630 8186 7780 8680 8581 8866 9730 9544
28 281 35 981 1331 2037 2031 2381 2512 3081 4112 3776 3680 4481 4542 4838 5531 6049 5753 6957 6658 6915 7631 8004 8331 8681 9176 9381 9479
29 941 911 982 1453 1682 2032 3026 2732 3082 3432 3279 4132 4482 4254 5182 5532 5869 6232 6582 6769 6682 7744 7668 7995 8793 9382 9364 9817 9904
27 283 527 983 1702 1482 2033 2779 2733 3083 3433 3658 4133 4483 4633 5183 5736 6185 6233 6583 6933 6737 7495 7931 8333 8683 8596 9383
28 616 634 984 1172 1892 1559 2384 2734 2102 3434 4015 4134 4484 4399 5184 5534 5884 6142 7269 7240 6835 7634 7478 8334 8684 9114 8897 9734
29 285 503 462 1335 1941 2035 3090 2541 2141 3435 4006 4135 4485 4835 5185 5854 6141 6235 6585 6733 7285 7635 7797 7724 8483 9029 9385 9735 9597
28 594 209 986 1336 1686 1633 2386 2475 3086 3436 3449 4136 4486 4722 4583 5536 5783 5763 6586 6492 6871 7737 7567 7817 8686 9357 9386 9736
29 287 637 987 1337 1536 1681 2387 3049 3087 3568 4051 3970 4487 4837 4634 5496 6293 6237 6587 6441 7182 7637 7696 8337 8885 8510 9387 9737 9491
29 288 403 358 1338 1358 2038 2388 2561 3088 3745 4130 4138 4488 4849 4713 5538 5293 5642 6588 6511 6873 7440 8021 8338 8688 8853 8831 9738 9978
28 289 661 989 1339 1139 2039 2691 2739 3089 3439 4125 3514 4739 4906 4585 5897 5889 6239 6589 6898 6718 8344 7406 8339 8689 8549 9389 9739
28 290 589 713 1340 1688 1271 2531 2716 2586 3440 3505 4140 5187 4694 5190 5540 5723 6240 6590 6940 6753 7640 7722 8340 8690 8502 8840 9729
29 426 1035 991 1341 1678 2041 2391 2958 2455 3506 3437 4141 4491 4430 4726 5541 6139 6241 6591 7023 7291 7641 7533 8341 8932 8848 9391 9874 9514
28 914 642 992 1342 1455 2042 2559 2742 3092 3442 4098 4142 4492 4861 5192 5658 5892 6181 7175 7032 6458 7642 7753 8342 8692 8748 9001 9742
28 557 80 532 1343 1170 2043 2627 3105 2324 3443 3811 3609 4493 4842 5193 5543 5797 5684 6593 7183 7293 7643 7993 7824 8693 8968 9393 9743
29 294 442 994 1344 1705 2044 2394 2744 3094 3602 4185 4144 4622 4672 4735 5569 5357 6244 6594 6939 6899 7644 7500 7714 8694 9157 9394 9744 9733
27 295 159 995 1345 1113 2045 2684 2805 2797 3445 3523 4145 4353 4801 5195 5545 5668 6245 6595 6945 6712 7899 8267 8345 8695 9098 9395
29 389 337 996 1254 1879 2046 2396 2602 3096 3446 3796 4146 4496 4846 5196 5546 5335 6246 7067 6541 7296 7646 8148 8346 8696 9046 9200 9588 9872
29 297 512 910 1640 1697 2047 2397 2865 2536 3606 3839 4147 5226 5088 5197 5733 5778 6247 6303 6832 7297 7647 7916 8347 8844 9047 8954 9747 9809
28 298 816 998 1348 1446 2048 2398 2748 2612 3448 4174 3736 4707 4830 5198 5548 6149 5906 6676 7126 7298 7968 7827 8348 8867 9305 9398 9483
29 299 856 999 1349 1743 2049 2576 2457 3099 3845 3847 3533 4520 4309 5199 5549 5463 6249 6746 6949 6977 7649 7999 8349 8699 8993 8869 9749 9871
28 300 1039 635 1350 1683 2050 2400 2100 3100 3450 3800 4150 4500 4518 4789 5550 5806 5953 6600 7082 7300 7734 7449 8350 8700 9050 9400 9750
29 684 386 1001 1724 1134 2051 2490 2556 2621 3560 3553 4151 4648 5194 5201 5551 6271 5615 6819 7194 7301 7651 8308 8351 8546 9051 9401 9751 9630
27 457 652 854 1352 1323 2052 2616 3148 3102 3452 4179 3652 4502 4231 5202 5552 6256 6252 6602 7053 7302 7652 8309 8352 8910 8736 9402
29 303 468 1003 1270 1694 2053 2403 2634 3103 3816 4065 3408 4503 4618 5203 5553 5969 6253 6603 7070 7303 7653 7561 8353 8703 8895 9403 9753 9868
28 596 538 1004 1716 1673 2054 2859 2261 3104 3454 3804 4154 4504 4327 4523 5509 5890 6254 6604 6617 6936 7654 7981 8354 8704 9119 9404 9754
29 305 655 439 1355 1242 2055 2360 2755 3091 3455 3660 4155 4505 4855 5205 5706 5878 6255 6963 6862 7305 7655 7660 7370 8996 9409 9405 9755 9960
28 459 691 1006 1629 1706 2056 2406 3016 2456 3714 4127 3195 4506 4856 5206 5556 5323 5843 6606 7164 7306 7656 8006 8356 8526 9175 8904 9473
28 307 657 347 1357 1707 1427 2407 2393 3107 3457 4019 4157 4507 4807 4742 5557 5370 6257 6806 6823 7307 7657 7872 7805 8707 9284 9407 9757
29 308 198 820 1690 1650 2058 2408 2847 3108 3458 4045 4149 4508 4858 5208 5558 5479 6258 7242 6596 7308 7658 7980 8044 8708 9307 9408 9688 9952
28 309 464 866 1359 1117 1555 2409 3034 3109 3218 3886 4159 4805 4859 5209 5948 5997 6259 7199 6890 6914 7878 8028 7835 8709 9199 8918 9759
29 310 393 1010 1501 1491 2060 2505 2471 3110 3822 3916 4160 4510 4569 4664 5560 5429 6260 6610 7217 7310 7710 7728 8360 8710 9060 9124 9878 9724
29 311 186 1011 1566 1543 2061 2411 2498 3111 3461 3788 4161 4511 4843 4240 5679 6068 6261 6611 7136 7311 7490 7807 8361 8711 8945 9433 9761 9799
28 312 151 351 1362 1333 2062 2412 2757 3112 3462 3580 4162 4512 4213 4992 5562 5584 5677 6612 6335 6671 7662 7502 8002 8765 8471 9412 9762
30 477 756 1013 1418 1542 2063 2413 2947 3113 3463 3254 4163 4513 5016 5040 5650 5356 6263 6383 6988 7313 7663 7911 8363 8713 9207 9413 9763 9955 9984
28 314 162 1014 1364 1934 1420 2414 2640 3114 3464 3973 4164 4514 4453 5214 5863 5267 6264 6614 7312 7314 7664 7620 8364 8970 8402 9017 9701
27 315 180 1015 1365 1369 2065 2415 2495 3115 3465 3815 3620 4515 4954 5215 5517 5689 5927 6615 7260 7315 7665 7776 7759 9076 8773 9415
30 494 648 1016 1366 1354 2066 2823 2135 3116 3466 4120 3460 4689 4208 5216 5566 6195 5847 6975 7084 7316 7747 8016 8366 8716 8537 9416 9766 9621 9537
29 317 395 1017 1367 1713 2067 2417 2964 3117 3467 3375 4167 4517 4930 5217 5567 5936 5635 6739 6831 7317 8365 7908 7755 8717 9278 9417 9767 9740
29 318 42 1018 1368 1995 2068 2418 2338 2564 3468 4186 3548 4794 4868 5218 5990 6009 6268 7343 6840 7318 7982 7925 8368 8933 8847 9418 9768 9788
28 480 669 579 2070 1296 2069 2636 2183 3119 3469 4107 4169 4600 4285 5219 5748 6024 6269 6729 7211 7319 7669 7716 8369 8728 9187 8522 9540
29 320 876 1020 1370 1957 1715 2538 2681 3120 3470 3413 3797 4761 5128 5220 5570 5680 6270 6620 7004 7320 7670 8297 8370 8720 9240 9420 9941 9971
28 321 467 1021 1371 2073 2071 2421 2771 2474 3471 3438 4171 4521 4253 5221 5571 5350 5931 6621 6663 6402 7671 7840 7841 8721 9392 9069 9771
29 322 3 491 1372 1529 1347 2422 2524 3122 3640 4139 4172 4730 4374 5222 5750 5834 6272 6778 6461 7081 7992 8022 8372 8722 8913 9422 9772 9478
29 345 529 485 1373 1976 1930 2423 2917 3123 3473 3924 4173 4361 5174 4818 6262 5285 6273 6623 6888 7323 7673 7601 7887 8723 9447 9423 9773 9949
27 324 448 1024 1261 1575 2074 2424 2885 3124 3663 4116 3322 4524 4812 5224 5949 5672 6274 6726 6815 7324 7674 8229 8397 9024 8682 9424
28 889 682 1025 1375 1725 2075 2425 2827 3125 3608 4170 4175 4989 5245 5225 5575 5729 6275 6916 6616 7325 7675 7615 8375 9088 8814 8879 9610
29 326 676 1026 1376 1726 2076 2426 2500 3126 3476 3826 4176 4526 5136 4809 5576 5934 6276 6626 6575 6883 7676 8026 8376 8762 9231 9426 9776 9646
29 327 1019 1027 1377 1813 1508 2427 2777 3127 3477 3769 4177 4715 4525 5227 5577 6023 6277 6627 7066 7327 7677 8299 8377 8727 9125 9427 9669 9950
27 772 286 1028 1378 1991 2078 2428 3047 3128 3692 3226 3482 4528 4878 4872 5578 5622 6278 6637 6978 6928 7678 8310 7987 8789 9253 9428
29 47 98 1029 1379 1184 2079 2429 2656 3129 3750 3309 3802 5081 4879 4561 5579 5855 6279 6629 6979 6985 7679 7463 7940 8729 8585 9429 9779 9546
28 330 971 126 1674 1730 2080 2430 3048 2954 3603 3566 4180 4530 4777 5230 5580 6222 5711 7294 6304 7330 7731 7541 8380 9164 9204 8971 9780
29 363 437 1031 1450 1958 1178 2555 2115 2650 3481 3935 4181 4941 4345 4717 5581 5456 6281 6857 6469 7331 7681 8244 8381 8731 8531 9221 9857 9548
29 377 757 1032 1382 2072 2082 3053 2678 3132 3731 4153 3730 4532 4728 5232 5942 5798 6282 6632 6937 7332 7682 7363 7952 8732 9324 9432 9804 9861
29 483 371 1033 1383 1733 2083 2433 2789 3133 3738 3833 4183 4533 4366 4775 5363 6031 6283 6968 6385 7333 7683 8017 8383 8782 8888 8854 9783 9863
29 334 114 1034 1546 1076 2084 2667 2802 2528 3484 3150 4184 4522 4884 5234 5301 5596 5929 6634 6360 7334 7684 8034 7518 8734 9410 9434 9784 9659
28 335 947 641 1385 1565 1742 2435 2985 3135 3485 3835 3971 4359 4498 5235 5585 5860 6285 6635 6844 6656 7685 7820 7771 8735 9033 9435 9785
29 336 456 1036 1386 1485 1582 2436 2202 3136 3486 3619 3564 4536 4519 4773 5586 5917 6286 6636 6489 7336 7579 8102 8386 9022 8427 9436 9786 9616
30 646 313 1037 1387 1880 2087 2437 3027 3137 3554 3837 3584 4537 4324 5237 5587 5888 6287 6727 6364 7337 7687 8170 7927 8737 9045 9437 9983 9722 9907
28 446 388 1038 1388 1935 2088 2438 3130 3138 3488 3366 3677 4538 4588 5238 5588 5938 5318 6872 6419 7338 7868 7729 8388 9151 8725 9438 9527
29 339 881 328 1389 1475 2089 2450 2711 3139 3504 3281 3823 4539 5236 5239 5589 5387 6289 6639 6762 7339 7985 7606 8389 8939 9074 9096 9789 9711
28 340 690 187 1390 1698 1522 2440 2482 3140 3766 3810 4190 4540 4741 4328 5590 5520 6290 6640 6990 6731 7690 7966 7864 9133 9297 9097 9852
29 341 536 1041 1391 1700 2091 2441 3042 2308 3491 3355 4191 4541 4891 5241 5591 5941 6291 6641 6752 7341 7691 8158 8391 8741 8548 9441 9790 9587
29 352 692 509 1392 1421 2092 2613 2405 2567 3492 3842 3718 4680 5140 5242 5592 6045 5861 6642 6549 7342 7692 8042 8392 8742 8584 8778 9792 9732
28 343 693 1043 1393 1784 1848 2443 2248 3143 3493 3867 4193 4543 4369 4677 5593 5412 5770 6643 6993 6837 7693 8083 7928 8827 9180 9443 9849
28 685 694 1044 1394 1056 1687 2444 2731 3144 3494 3682 4194 4544 4894 5244 5594 5944 6294 6874 7135 7344 7558 7361 8394 8894 8535 9444 9845
29 360 170 378 1603 1550 1781 2558 2795 3145 3495 3786 4195 4545 4895 5123 5595 5924 5766 6645 6921 7345 7695 8045 8395 8745 9230 9445 9795 9679
28 375 99 1046 1396 1864 2096 2446 2796 3146 3496 3489 4196 4546 4576 5246 6156 5308 6296 6646 6573 7346 7838 7865 8396 8746 9213 8925 9796
28 582 697 1047 1397 1073 2097 2447 3095 3147 3497 3498 4197 4547 5145 5247 5768 5933 6297 6363 7287 7347 7697 7723 7497 8740 9440 9081 9797
29 672 698 150 1931 1552 1548 2448 2798 2752 3191 3920 3537 4548 4881 4586 5598 5698 6298 7109 7078 7348 7988 8371 8398 9388 8718 9448 9798 9631
29 349 434 584 1399 1749 2099 2449 2454 3149 3499 3849 4199 4765 4262 5249 5599 5574 6299 6649 7142 7349 7777 7990 8399 8889 8876 9449 9460 9769
