3 283 282 228
3 1 88 275
3 185 115 139
3 198 42 192
3 4 99 149
3 5 261 205
3 6 260 110
3 156 287 207
3 182 63 49
3 258 47 141
3 245 30 210
3 294 246 211
3 12 153 212
3 13 0 101
3 128 264 238
3 181 106 82
3 133 163 23
3 195 161 217
3 18 70 3
3 97 14 158
3 20 160 65
3 21 232 221
3 22 142 222
3 75 103 249
3 24 186 224
3 120 237 178
3 26 280 226
3 27 290 230
3 28 17 59
3 273 292 229
3 114 191 152
3 31 29 231
3 32 113 263
3 51 281 233
3 34 131 124
3 35 199 177
3 271 60 148
3 37 299 235
3 7 202 126
3 147 43 239
3 122 274 240
3 257 213 189
3 180 187 242
3 295 286 243
3 44 256 244
3 119 162 105
3 94 140 144
3 154 90 247
3 48 157 248
3 250 64 108
3 50 11 58
3 102 193 69
3 234 169 252
3 53 96 253
3 175 112 62
3 55 285 179
3 56 111 188
3 194 227 46
3 284 171 208
3 57 121 259
3 143 219 125
3 95 214 293
3 138 215 251
3 272 52 36
3 197 2 107
3 184 104 216
3 66 129 209
3 67 164 267
3 93 223 268
3 167 33 262
3 165 45 270
3 71 73 174
3 72 155 183
3 100 25 289
3 74 266 206
3 146 269 173
3 76 68 276
3 172 166 170
3 78 151 278
3 19 16 279
3 80 81 40
3 150 254 225
3 200 87 127
3 134 116 41
3 84 137 118
3 85 9 83
3 196 91 89
3 296 203 136
3 241 291 265
3 145 168 255
3 61 38 130
3 15 288 190
3 92 10 54
3 220 123 117
3 132 135 176
3 39 8 204
3 218 159 86
3 236 77 297
3 109 201 298
3 98 79 277
