27 0 161 146 1681 1936 2029 2936 3076 2857 3841 3819 4226 4800 5761 5234 7072 7165 6800 8078 7580 8000 8400 9586 9200 9600 9644 9880
25 27 472 857 2062 1301 2364 3030 3269 3363 3849 4776 3676 4801 5497 4987 6872 6268 6544 7201 7754 7823 9021 8418 9360 9632
24 1104 941 356 1202 1233 2349 2926 3100 3557 3930 4215 4267 4912 5189 5602 7104 6097 6930 7202 8362 8002 9516 9131 9202
25 768 1164 1127 1666 1656 2003 3547 2612 3088 3675 3739 4677 5816 5271 5229 7041 6869 6277 8161 7764 7410 8403 8433 9008 9739
26 795 260 606 1517 2012 2391 3135 2992 3520 3604 4402 4018 4863 4881 5223 6561 6402 6777 7204 7257 7668 8838 8484 9409 9728 9958
26 572 585 24 1594 1628 1220 2405 2971 2569 3605 4762 4700 4805 5870 5387 6658 6479 6805 8076 7767 8388 9019 9100 8749 9983 9614
25 248 223 527 2131 1873 1741 2406 3469 3206 4774 4048 4252 4806 5639 5029 6616 6647 6139 7206 8270 7527 8548 8839 9288 9663
25 7 1183 446 1872 1725 1940 3284 2581 2982 3607 4597 4489 5100 5405 5116 6007 7079 7121 7207 7417 7644 9559 8748 9016 9719
24 883 32 31 2241 2201 2231 3049 3050 3337 3788 4074 4760 4808 5432 5434 6008 6507 6713 7208 8266 7642 8690 9160 9208
25 103 1158 737 1994 2096 2009 3585 2716 2631 3609 3876 4409 5131 5055 5609 6798 6332 6518 8069 7270 8253 8900 9045 9209 9717
24 1112 802 810 1210 2196 1911 3216 2757 3210 4714 3950 4311 5159 4818 5752 6736 6826 6810 8201 8235 8099 9111 8692 9188
26 288 494 690 2396 2255 2358 2958 3024 3004 4040 3908 4089 4819 5521 5303 6056 7146 6629 7849 8345 8011 8528 9106 9242 9701 9796
25 705 567 1029 1648 1864 2073 3457 3291 3255 4598 4764 3644 5206 5847 5804 6648 6169 6806 8016 8375 7552 8412 8495 9229 9651
24 830 965 881 1274 1935 1609 2413 3476 2917 4181 4272 4594 5193 5359 5613 6772 6341 6344 7355 7213 7633 8968 9285 9213
25 1132 412 814 1673 1817 1735 2711 2942 2461 3916 4450 4704 5950 5684 5580 6707 6109 6747 8074 7731 7294 8414 9114 9058 9815
24 256 402 226 1736 1424 1528 2519 2693 2686 3615 4667 4001 5578 5411 4802 6811 6093 6412 7215 8058 7555 9112 8808 8708
26 171 6 959 1216 2388 1358 2416 2950 3344 4183 4535 4416 4958 5166 5582 6375 6477 6985 7985 8177 7553 8780 8517 8955 9708 9774
25 1135 497 955 1217 2335 2017 3564 2866 3569 4726 4063 3987 4817 4917 5567 6778 6484 7140 7217 7625 7229 8417 9349 8891 9646
25 983 787 818 1223 1389 2018 3192 3029 2696 4068 4151 4766 5370 5577 4837 6247 6511 6818 7393 8211 8018 8835 8419 9094 9618
26 89 747 182 1445 1996 2252 2419 3343 3009 4452 4691 4419 5417 5698 5027 6573 6394 6603 7599 8005 8182 9571 8817 9219 9777 9605
26 533 90 131 1799 2288 2020 2978 3113 3545 4524 4313 4604 4820 4998 5620 6735 6942 6820 8104 7629 7504 9467 9552 9245 9620 9769
25 633 708 972 1221 2091 1905 3055 3011 3550 4488 4603 4003 5749 5203 4901 6021 6280 6555 7221 7847 8021 9143 8671 9221 9621
24 22 180 458 1209 1637 1348 3031 2980 3146 4239 4733 4008 5767 5105 4997 6858 7052 7178 8237 7609 8040 8978 9387 9025
24 234 600 993 1605 2037 1703 2894 2557 3003 4318 3891 4292 5079 5419 5544 7025 6876 7067 8180 7308 7665 8889 9431 9479
27 939 979 274 2319 1408 1798 2707 2484 3105 3643 4595 4424 4990 5224 5236 6024 6122 6295 7224 7830 8024 8555 8947 8407 9655 9766 9830
24 298 1108 287 1761 2376 2025 3021 3443 3043 4626 4150 3990 5285 4978 5287 7044 6537 6825 8081 8256 8025 9020 8892 9225
24 26 1119 574 1226 2331 1345 2979 2938 3536 4306 3780 3947 5068 4803 5626 6333 6783 6785 7825 7311 7293 9248 8747 8795
25 828 937 827 1885 1861 2027 2427 2831 3187 3991 4765 3832 5340 5689 5351 6756 6865 6697 7850 8189 8027 9150 8837 8917 9883
24 694 150 1160 1645 1963 2024 2821 2415 3228 3811 4463 4428 5970 4804 5995 6088 6635 6989 7664 7902 7762 9196 8452 9264
25 29 347 554 1892 1818 1440 3522 3194 3119 4017 4586 4799 5382 4893 5892 6997 6211 6829 7863 8220 8210 8753 8479 9450 9629
24 241 1145 462 2002 1574 2328 3369 3251 3230 3630 4775 4569 4830 5496 5512 6060 6848 6830 7230 7776 7693 8430 9398 9373
25 735 1070 831 1234 1785 1434 2490 2594 3231 3631 4446 4741 5707 5255 5211 7180 6032 6453 7725 7412 7359 8831 9289 8929 9631
24 703 500 748 1247 1992 1886 3191 3047 3232 3632 4553 4353 5947 5569 5061 6684 7099 6832 7232 7250 7775 8432 9135 8905
25 149 25 833 1316 1863 2276 2865 2880 3046 3633 4131 4232 5262 5676 5633 6033 6700 6833 7233 7928 7795 8616 9116 9463 9633
26 517 724 956 2186 2114 1834 2434 3325 2709 3914 3834 3833 5904 5573 5536 6369 6809 6912 7574 7436 7331 8434 9044 9521 9634 9808
25 35 868 245 1690 2008 2308 3068 2771 3067 3635 4064 3685 4890 4869 5694 6035 6432 7001 7771 7246 7884 8593 8739 9235 9767
25 778 1086 367 1803 2042 2210 3014 2580 2914 4234 3935 4384 4836 5413 5195 6234 6612 6676 7678 8134 7245 9134 8772 9236 9823
27 947 875 1100 2362 1893 1729 3588 2623 2602 3637 3885 4437 5057 5523 5913 6037 6924 6837 7896 7917 8037 9081 8449 8476 9881 9982 9805
25 38 263 838 2307 1851 2030 2435 3048 3238 3638 4026 4438 4838 5216 5888 7162 6908 6206 7479 7804 7304 8537 9566 9238 9735
27 592 102 1123 1667 2274 2039 3486 2817 3020 4779 4350 4203 4839 5630 5822 6843 6156 6839 7239 7430 7382 8439 8424 8461 9915 9831 9604
24 40 1003 882 1475 1868 1933 3117 2778 3240 4429 3730 4398 5036 4843 5067 6111 6683 6358 7757 7572 7325 8610 9579 8850
25 790 1182 841 1483 1857 1586 2800 2893 2934 4319 4547 4441 5301 5766 5164 6733 6292 6575 7323 8072 7931 8923 8426 8734 9764
26 1009 385 291 1242 2177 2156 2442 2487 3168 4283 4781 4575 5450 5720 4846 7053 6227 6884 8030 8004 8034 8976 9012 8547 9898 9946
25 115 14 660 1515 1215 2218 3186 3367 3339 4021 3844 3742 5986 5333 5813 6715 6587 6096 8238 7729 8043 8443 8422 8629 9751
24 84 242 844 2047 2176 2044 2732 2782 3244 3761 4408 3967 4833 5899 5718 7106 6584 6645 7482 7975 7519 9133 9408 9308
25 323 709 1191 2053 1313 2140 3162 3072 3245 4127 3601 3642 4845 5653 5115 6926 6937 6300 7275 8127 8276 9171 9498 8624 9942
25 46 19 769 1246 2111 1650 3379 2508 3246 3665 4567 4797 5226 4906 5066 6911 6445 6784 7871 7557 8395 9174 8499 9445 9812
26 861 231 334 1739 1403 2316 2447 3281 3124 4710 3674 3837 5400 5977 5461 6513 7048 6682 7882 8374 7604 8646 8583 8700 9986 9775
24 682 158 894 1248 2296 1279 3122 3571 3532 4366 4782 3933 5559 4834 5109 6327 7175 6855 7686 7456 7913 9126 8992 8893
25 49 681 503 2083 2011 2056 3492 3040 3057 3649 4746 4197 4849 5631 4889 6536 6322 7125 7877 7965 7440 9249 8793 9476 9616
25 50 282 238 1250 2363 1375 2450 3010 3250 4427 3623 4053 5980 5069 5935 6787 7131 6350 7648 7750 7925 9257 8453 8756 9650
24 449 333 21 1884 2174 1644 2483 2657 2663 4565 4777 4451 5589 5920 5651 6368 6320 6490 7960 7541 7727 9299 8581 8906
24 952 716 852 1836 1954 2300 3491 3234 3199 4276 4641 3711 4937 5208 5652 6910 6133 6743 7528 8064 8351 9163 9385 8600
24 453 636 704 1253 1474 2365 2854 3372 3123 3708 4400 3773 4853 5604 5230 6566 7097 6853 8290 7508 7990 8883 9258 9446
25 54 309 426 1961 1487 1757 2891 3017 2479 4703 4284 4236 5663 5185 5583 7043 6337 6836 7420 8105 8154 8435 9395 9254 9851
27 55 251 167 1624 1983 1578 3543 3488 3164 3655 3624 4333 5483 5558 5655 6950 6067 6243 8329 7466 7923 8964 8890 9300 9894 9968 9736
24 56 65 448 1256 1443 1611 2912 2939 2806 3944 4055 4456 5926 5000 5519 6471 6641 6434 7451 7794 8195 9514 9436 8638
25 411 928 689 1257 1840 1277 2902 2691 3201 3864 4663 4080 4857 5555 5334 6057 6303 7128 8353 8297 8057 8950 8656 8715 9943
25 113 454 858 1989 1305 2085 2996 3464 3149 4770 4130 4202 5375 5511 5658 7186 6654 6183 7955 7958 8269 9302 8486 9088 9920
26 501 895 927 2227 2283 2059 3421 2787 2620 4376 4365 4420 5473 4854 5659 6201 6828 6517 8249 7718 7738 8963 8463 8830 9659 9922
25 396 428 645 1260 1459 1833 3066 2673 3212 4025 4613 4643 5873 4915 5484 6508 6752 6447 8199 7366 7778 8460 9194 8885 9660
26 688 987 767 2263 1965 2036 3028 2684 3261 3904 4070 3746 5146 4924 5531 6262 7084 7188 7704 7702 7298 9281 8907 9216 9661 9666
26 62 850 506 1971 1657 1990 3507 3214 3262 4544 4144 4457 5996 5644 5662 6769 6085 6859 7262 7367 8062 9125 8510 9262 9991 9687
25 214 638 646 1263 1441 1747 2920 2964 2735 4423 3862 4111 5341 5832 5656 6063 6176 6221 7362 7577 7631 9107 8933 9263 9641
26 289 974 864 1245 1858 2064 3440 2443 2617 4330 4531 4410 4907 5443 5664 6672 6474 7122 7919 8184 7924 9394 8681 8413 9647 9603
26 518 189 1077 2134 1876 1740 3154 3204 2846 4743 3731 3839 5584 4911 5665 6595 6501 6126 7751 7641 7944 9383 8833 9186 9882 9875
24 594 1116 616 1643 1913 1524 2972 3510 2844 3666 4713 4191 4866 5907 5906 6003 7091 6866 7266 7476 8066 8604 9046 8852
24 879 61 470 2323 1665 1697 2467 2688 2493 3932 4298 3755 5429 5622 5328 6000 6400 6867 7459 7714 7855 8467 8425 9293
26 1124 854 866 1468 1391 2068 2466 3539 3005 4141 3679 3800 5992 5579 5668 6279 6011 6246 7878 7667 8068 8468 9317 9268 9726 9801
25 1022 732 758 1269 1791 2069 2469 3120 3518 4038 4297 4469 5183 5042 5976 6407 6856 6010 7761 8397 7381 8634 9511 9269 9814
24 474 1023 806 1270 1951 1241 2470 3509 3270 3680 3785 4582 5735 5043 5568 6572 6916 6870 7485 7835 7467 9234 8682 9095
24 202 165 1173 2338 2063 1724 3570 2998 3559 4735 4501 4471 4871 4859 5671 6619 6551 6473 7271 7337 8071 9142 8888 8584
25 759 656 262 1272 1830 1432 2889 3026 3172 4506 4199 3893 5217 4959 5966 6338 6271 6264 8398 7585 7677 8472 9404 8644 9672
25 673 1177 873 2262 1208 2366 2734 2954 3328 4020 4369 4473 5202 5345 5673 6073 6405 6873 7573 7211 8073 9553 8858 9205 9820
26 60 622 1179 1555 1579 1938 3042 3418 2953 4309 3902 4250 4919 5504 5151 6799 7018 6975 7684 7234 8347 8474 8870 9367 9674 9858
25 514 1006 304 1660 2368 2075 3272 2868 3157 4173 4010 4475 4815 4936 4892 6462 6813 6259 7481 7458 8075 8475 9437 9177 9675
25 383 773 285 1469 2040 2076 3252 2497 2867 4314 3995 4476 5513 5254 5013 6145 6532 6360 7657 7497 7674 9386 9237 8880 9676
26 236 77 624 1941 1416 2077 2697 3290 2477 4539 4536 4518 4877 5865 4996 6077 6359 6863 7277 8147 7300 9259 9265 9002 9760 9679
25 483 756 345 1837 2226 2302 2426 2590 3402 4351 4315 4119 4878 5279 5811 6882 6302 6878 8221 7203 8247 8645 8871 9278 9756
26 507 672 610 1800 1955 2291 3410 3034 3197 3721 3955 4479 5205 5453 5809 6079 7185 7000 7952 7640 7280 8939 9201 8707 9868 9727
24 1031 145 702 2353 1588 2197 2823 2445 3280 4031 3818 4528 5327 5867 5264 6727 6023 6505 7212 8360 8080 8983 8705 9333
25 538 244 157 1796 2249 2081 2945 2791 3064 4474 4533 4497 5070 5598 5537 6081 6868 6529 7535 7299 8118 9076 9251 9464 9681
24 964 429 549 2162 1945 2113 2482 3479 2835 4167 4082 4739 4909 5133 5682 6285 7008 6687 7282 7999 8082 8482 8698 8568
26 522 210 350 2375 1238 2189 2840 2809 3460 3964 3852 4023 5364 5877 5423 6694 6968 6883 7782 7219 7841 9068 8487 9283 9895 9780
25 539 619 884 1685 1850 2084 3324 3461 3099 3923 3948 4079 5979 4945 5072 6418 6550 7134 7695 8157 8084 9588 9384 9451 9748
24 85 749 885 1374 2251 1526 2533 3540 3285 4654 4504 3702 5167 5128 5201 6061 7024 6439 7759 8248 8085 8485 8737 8689
25 106 872 70 1366 1766 2246 2731 3345 3286 3686 4214 4361 4995 5553 5265 6367 6567 6562 7973 7407 8086 9215 8881 8588 9945
24 573 707 887 1742 1964 1444 3370 2775 3092 3687 4792 3639 5296 5342 5524 7076 6852 6038 7943 7231 7619 8726 9560 8788
24 723 313 1154 2225 1829 1406 3109 2829 2500 4371 3858 3654 4888 5232 5688 6546 6535 6260 7283 7857 8088 9250 8730 8946
24 28 239 1014 1225 1716 2089 2489 3330 2906 3806 4094 4336 5916 5557 5855 6998 6628 6451 7473 7810 7901 8489 9438 9370
25 114 200 890 1343 1562 1344 3296 2555 3148 4058 3810 4490 5031 5019 5690 6346 6094 6773 7817 7792 7945 9103 8865 8545 9690
26 91 378 362 1291 1713 1214 3107 2985 3037 4620 4334 4491 4980 5528 4951 6091 7028 7194 8202 7912 8316 8973 9347 9536 9954 9733
25 582 693 392 1946 2277 1563 2690 2887 3137 4084 4608 4217 5667 4918 5692 6092 7158 6939 7427 7581 8092 8492 8494 9292 9800
25 318 468 904 1708 1541 2383 2863 2789 2513 3766 4606 4493 5708 5239 5576 6754 6013 6893 8193 7329 7328 8493 8903 8768 9625
26 471 984 78 1404 1602 1706 2905 2885 2927 3694 4205 3965 5505 5768 5240 6053 6457 6574 7533 7708 7824 9527 9496 8406 9694 9683
25 417 302 560 1295 1271 1749 3404 3334 3295 4688 4449 3750 5102 4908 5716 6732 7167 6297 7342 7740 8047 9441 9375 8887 9711
27 30 292 896 1296 2214 1228 3069 3207 3434 3696 3882 4321 4896 5090 5696 6540 6719 6512 7713 8054 7834 8437 9110 8966 9696 9714 9615
24 1194 780 1162 1297 1824 1364 3085 2562 3548 4425 4392 4256 4897 5824 5276 6560 7066 6398 7297 8358 8097 8497 8441 8661
26 283 1040 898 2312 1847 1968 3288 2418 3060 3962 3976 3942 5038 4954 5593 6212 7116 6898 7874 7951 8098 9326 9295 8766 9698 9987
24 957 460 88 1488 2023 2099 2999 2608 3299 3690 4616 4464 5391 5594 5307 6522 6649 6899 7880 7605 8218 9532 8631 8471
26 100 8 87 2123 1710 1498 2995 3497 2877 3812 4320 3689 4822 5729 5666 6267 6209 6900 7870 7875 7697 8769 8466 9203 9700 9930
25 101 608 886 1509 1530 2101 2739 2543 3301 4006 4363 3698 5990 5242 5701 7195 6438 6901 8262 7647 8101 9159 8877 9541 9765
24 252 246 325 1362 2286 1808 3153 2481 2935 4445 4137 4502 5575 5787 5355 6780 6334 6902 7809 8036 7812 8502 9338 8527
24 867 961 435 2016 2367 1442 2960 2544 3303 4204 3648 4503 5527 5874 5846 6161 6972 6390 7303 8385 7881 8503 9481 9003
26 104 597 213 1478 2014 2028 2765 3350 3181 3704 3830 4753 5136 5988 5467 6962 6160 6598 7903 7635 7423 9548 8718 8961 9704 9907
25 674 1030 665 1958 1573 1304 2505 2527 2770 3907 3909 4041 5520 5731 5315 6410 7161 7017 7305 7285 7315 8675 8509 9305 9837
24 2 308 247 1306 1589 1942 2974 3394 3169 3706 4099 3610 5225 5063 5909 6449 6671 6906 7579 7748 7287 8506 8462 9072
24 20 811 996 1908 1249 2129 2878 2633 3159 4034 4155 4627 5953 5053 5522 6312 6115 6559 7307 7670 8357 8544 8564 9001
25 1010 340 908 2181 2103 1255 3407 2589 3308 4492 4302 4508 5478 5041 5110 6108 6255 6086 7435 7949 7716 9307 9277 9286 9806
25 109 1074 563 1570 1659 1924 2839 3101 3309 3691 4325 3913 5803 5439 5709 6943 6022 6909 8376 8132 7785 8985 9509 9309 9601
25 679 975 327 2074 1449 2188 3103 3453 2656 3765 4431 4510 5489 5645 5710 6132 6389 6657 7310 8219 7397 8428 8959 8534 9710
24 719 700 434 1733 1283 2387 2904 2597 2683 4500 3981 4245 5347 5973 5750 6431 7062 6539 7707 7719 7291 9537 8886 9066
25 920 278 728 1921 1975 1409 2512 3567 2845 4281 3641 3961 4902 5335 5844 6112 6310 6599 7892 7800 7934 9128 9239 9318 9657
26 562 176 328 2310 2289 2172 3474 3342 3313 3867 3827 4289 5426 5113 5713 6768 6580 6504 7416 8026 8113 9108 8405 9014 9902 9908
24 1 137 295 1623 1204 2330 3110 2803 3080 4322 3931 4514 5856 5890 5374 6421 6963 6914 7200 8383 8114 8658 8609 9241
26 746 571 997 1336 2390 1328 2786 2872 3315 4432 4695 4472 5033 4832 5715 6228 6275 7077 7406 8108 7819 8515 8669 8863 9715 9783
24 116 727 740 1722 1953 1587 2952 2810 3408 4401 4122 4022 4887 5670 5384 6006 6650 6974 7316 8302 7790 8516 8523 8563
25 117 363 544 1554 2164 1273 2649 3276 3317 3717 3815 3727 5885 5418 5717 6455 6195 6917 8197 8311 7228 8410 8688 8811 9949
24 232 206 126 1550 1797 1571 2614 3511 3422 3602 4722 4182 4861 4858 5316 6919 6330 6918 8155 7991 7993 8518 8869 9077
24 741 311 755 1753 1312 1635 3478 3322 3581 3956 4519 3747 5281 5087 4811 6119 6371 6291 7948 8070 8008 9551 8683 8640
26 697 848 942 1320 1289 2120 2520 3033 2458 3715 4303 3883 5056 5352 5112 6729 6413 6095 7320 7858 7564 8884 8834 9424 9611 9619
26 659 1020 657 1321 1627 2355 2521 3437 2913 4143 3842 4521 4921 5830 5721 7124 6188 6921 7768 7959 7460 8427 9210 8569 9721 9957
25 893 846 970 1600 1322 1311 3561 3179 2452 3917 4032 4304 5293 5376 5078 7019 6656 7166 7532 7821 8212 9152 9093 8635 9673
25 862 698 923 1267 2051 2260 2592 2641 3323 4780 4368 4069 4923 5366 5561 6585 6944 6324 7839 7831 8325 9435 8521 9323 9723
25 370 845 1071 1324 2013 2124 2925 3305 3128 3764 3614 3911 5740 5884 4982 6491 6078 6116 7968 8045 8124 9577 9123 9197 9773
24 1118 662 925 1652 1504 1756 2582 2758 3304 3725 3845 4285 5132 5449 5863 6696 6153 6886 7803 8175 7223 8990 8782 9085
26 736 576 926 2121 1510 1254 3357 3195 2529 4461 4033 4100 4926 5495 5726 6905 6498 6709 7326 7869 7765 9098 9504 8972 9953 9836
26 652 1148 264 1430 1730 1897 3523 3268 3368 4708 4305 3724 5272 5566 5083 6690 6189 6152 7851 7563 7210 8469 9376 8438 9622 9938
24 218 729 125 1918 2337 1849 2730 2762 2407 3728 4480 3732 4880 5245 5259 6128 6814 6701 8006 8039 8234 9359 8549 8926
25 129 1081 479 1329 1752 1457 3144 3233 3584 3759 4326 3971 5517 5744 4855 7002 6668 6757 8028 8019 7516 9189 9340 9329 9729
25 118 487 684 1330 1262 1889 3591 3430 2728 4293 4751 4054 4930 5625 5730 6130 6564 6557 7758 7339 8236 8530 9017 8853 9932
27 680 1122 931 1491 2104 1726 2851 2650 3310 3892 4317 4115 5305 4963 5253 6131 6281 6521 8090 7292 8131 8913 9358 8598 9624 9877 9854
24 132 240 932 1537 2154 2185 3558 2843 3332 4331 4399 4418 4867 5480 5632 6776 6293 6932 7724 7655 7592 8512 9220 9149
24 613 456 933 1333 2386 1446 3156 3504 3093 3846 3986 4238 5905 4821 5948 6797 7049 6933 7333 7709 7463 8533 9141 8448
24 134 1079 934 1567 1396 2048 2585 3436 2491 3939 4332 4543 5969 4812 5032 6134 6430 6960 7334 7470 7797 8436 8565 8642
25 524 980 687 1335 2049 1692 2759 2468 3115 3735 4607 4509 5595 5510 5447 6436 6726 7013 7915 8306 8135 9418 9096 8728 9705
24 136 154 1082 2243 2371 2136 2966 3075 2403 4244 4568 4672 5337 5786 5964 6186 6396 6516 8229 7736 7248 8536 8934 9336
24 1091 851 389 1337 1393 1466 2537 3249 3173 3737 3723 4754 4874 5643 5737 7038 6592 7059 8122 8010 7637 8813 9530 9508
24 42 290 1080 1456 1750 1977 3293 2425 3141 3805 3949 4248 5134 5669 5738 6120 6382 6978 7663 7570 7590 8538 9132 8832
24 139 742 121 1339 1201 2139 2539 3059 2883 3608 4675 4664 5357 5406 5683 6714 6703 6552 7404 7711 8159 8539 9402 9339
26 140 1061 491 1290 1647 1356 2540 2548 3340 3740 3652 4540 5819 4933 5649 6448 7135 6614 7888 7343 7652 8540 8630 8755 9740 9978
25 141 57 336 2095 1777 2141 2957 3331 2662 3695 4044 4541 5605 5939 5006 6141 6949 6527 7244 8203 8141 9175 8951 9341 9848
25 792 384 590 1342 1398 1529 2741 3442 3183 3977 4260 4291 5727 5549 5392 6101 6519 6194 7911 7992 8041 9260 8699 8542 9923
26 76 1011 430 1687 1610 1943 2423 2637 2721 4344 4101 3969 4943 5840 5743 6143 6819 6862 8361 8305 7365 8543 9572 9343 9743 9997
25 98 543 944 2361 1519 1760 2969 2744 3074 3744 4375 4732 5020 4851 5762 6064 6210 6888 7546 7351 7747 9005 9377 9344 9940
24 235 404 394 1865 1763 1784 3035 2923 3506 4235 4301 4602 5802 5464 4946 7055 6563 6945 7698 7419 8145 9564 8752 8744
26 666 839 160 1772 1827 1853 3563 2574 2929 4761 3791 4138 5491 5823 5244 6524 6725 6946 7346 8033 8170 9279 8641 9346 9613 9750
24 1151 760 436 1347 1281 2147 3263 2813 2666 4622 4426 4237 4947 4988 5009 6569 7047 6951 7781 8338 7715 8687 9272 8627
25 148 425 834 1981 2126 2148 3392 2525 3348 3989 4477 4179 5525 5266 5834 6677 6675 6424 7348 8198 7330 8995 9166 8843 9927
25 706 863 312 1640 1583 2149 2549 3388 3061 4057 4158 4378 4914 5700 5500 6069 6074 6790 8052 7893 7402 9525 8864 9534 9749
25 529 677 222 1715 1317 1707 3058 3472 2601 4512 4625 4550 5592 5648 5534 6192 6890 6257 8393 8251 7891 8550 9429 9301 9692
26 152 1189 611 1351 1979 2184 2984 2515 3351 3751 4221 4081 4865 5438 5751 6844 6624 6698 8257 8322 8280 9052 9231 8904 9850 9645
25 439 299 373 1352 1976 2152 2451 3065 3352 3992 4194 3681 5348 5421 5283 6502 7157 6659 7464 8048 7859 8552 9214 9043 9977
25 216 81 953 1719 1310 1769 2553 3200 2586 3753 4296 3820 4953 5588 5349 6618 6485 6481 7780 7898 7732 8553 9312 9287 9753
25 1110 743 181 1354 1931 1929 3470 3044 3018 3912 3871 4117 5025 5313 5619 6290 6731 6238 7354 8013 8313 8554 8440 9361 9984
25 502 144 1032 2305 1604 2043 2643 3366 3355 3925 4169 4580 4868 5642 5640 6730 6384 6446 7656 7372 7358 8478 9280 8908 9818
26 156 892 111 1265 1820 1903 2556 3070 3396 4725 4759 4556 5722 5248 5277 6218 6630 6956 7220 7675 8156 9153 8956 9356 9789 9980
24 485 437 668 1222 1755 2157 2400 3289 2812 4045 4629 4454 4957 4856 5407 6370 6637 7073 7900 8334 8258 8712 9452 9374
25 938 977 958 1944 1812 1372 3038 3158 3096 4166 4787 4123 5218 5987 5506 6632 6891 6706 7568 8268 7645 9397 8526 8984 9890
25 314 1042 552 1814 1898 1926 2681 2538 3359 4386 4460 3921 5184 5660 4835 6397 7179 6959 7341 7717 7543 8559 9010 9371 9911
24 722 880 108 1361 2232 2373 2507 3275 2465 3653 4496 4560 4960 5181 5597 6720 6523 6640 7286 7222 8095 9071 8595 8920
24 99 878 79 2293 1288 1907 2561 2504 3524 4377 4328 4062 5161 5071 5560 6454 7111 7064 7361 7749 7703 8561 8508 9303
24 655 713 714 1219 2050 1621 2955 3081 3362 4372 3718 4562 5209 5672 4850 7150 6803 6364 7899 8128 8162 8582 9074 9362
25 294 249 963 2000 2066 2205 3071 2532 2879 4390 4422 4612 4956 5861 5174 6163 7153 6492 7941 7728 8293 9413 9059 9363 9678
25 1150 443 147 1973 2325 1353 3121 3468 2509 4669 4412 4564 5601 5106 5764 6423 6155 6781 7550 8176 8192 9319 9217 9364 9906
24 565 986 779 1734 1425 2165 2565 2506 3562 4013 4051 4385 5290 5627 5501 6356 6315 6251 8093 7905 7680 9121 9218 9365
25 786 911 647 1693 1639 2079 3203 3576 3445 3620 4360 4357 4966 5162 4977 6166 7143 6927 8056 8292 7788 8566 8402 8751 9782
26 1163 785 699 1966 1359 1385 2870 2677 2619 3767 4109 3749 4967 5401 5082 6348 6835 6967 8111 7284 7502 8567 8546 9124 9886 9638
24 618 784 870 1368 2239 1232 3271 2993 2988 4196 4749 3872 5896 5424 4876 7181 6583 6391 7368 7700 7450 8965 8709 8457
25 632 96 1089 1369 1551 1553 2834 3222 3257 3756 4391 4170 4969 5999 5769 6874 6470 6357 7369 7705 8169 9557 8928 9423 9779
24 505 623 816 2054 1669 1917 3019 2454 2903 4699 4545 4095 4970 5463 5770 6699 6970 6789 7370 7478 7214 8757 9145 9535
25 945 776 971 1768 2161 1901 2571 3554 3371 4258 3975 4513 4986 5044 5286 6171 6296 6497 8274 7265 8231 8571 9461 9023 9861
25 407 805 612 2287 1584 1920 3283 3375 2961 4339 4605 4105 4972 5850 5098 6606 6627 6952 7939 8252 7972 8685 8599 9315 9970
24 557 1013 466 2145 1773 2173 2573 3429 3347 4279 3693 4112 5210 5508 5502 6897 6969 6496 7526 8171 7403 9399 8970 9440
25 174 123 95 1632 1264 1759 3147 2464 3527 3752 3985 3754 4974 5927 5774 6174 6849 6157 7374 8241 7441 8574 9022 8716 9626
26 175 408 601 1764 1895 2175 2951 3508 3466 4277 4282 3713 4975 5624 5414 6175 6256 6313 7238 7400 7614 8575 9144 8868 9845 9974
26 183 711 359 1376 2384 1230 3582 2718 3376 4574 4706 4484 4976 5398 5587 6841 6992 6444 7909 7862 8166 8576 9331 8805 9776 9870
24 712 43 477 2046 1314 1559 2577 3082 3174 4189 4723 4577 5900 5119 5051 6223 6662 6009 7377 7388 7356 8862 8703 8504
25 542 550 73 2294 2343 2178 3259 2473 3378 3778 4481 4693 5094 4952 5778 6178 6646 6406 7281 7856 8336 9030 9099 8481 9778
25 179 1094 451 1774 1608 1807 2579 3498 2472 3900 3758 3792 4979 4938 5365 6459 6388 6245 7379 7838 7559 8579 9083 9162 9730
25 1083 842 1140 2183 1748 1717 2941 3414 3380 4185 3671 4584 5138 5638 5780 6545 6089 6589 7659 8337 8191 9499 8991 9291 9859
24 419 83 981 1451 1738 1371 2909 2832 3381 3850 3937 4225 5150 5048 5781 6977 6760 6636 7868 7685 8163 9048 8513 8714
25 382 916 615 1934 2392 1642 3051 3211 3361 4187 3738 3979 5679 4928 5477 6182 7039 6177 8275 7966 7295 8580 8855 9190 9635
25 832 75 750 1307 1899 1448 2583 3450 3383 3783 3712 4396 5485 5974 4860 6669 7086 6748 7687 7278 8183 8842 9433 8846 9677
24 516 1025 1099 1758 1533 1412 2875 2814 3167 3669 4685 4043 5235 5010 5784 6191 7069 6957 7832 8123 7872 9544 9193 9313
25 151 813 757 1826 1261 1700 2850 2630 2861 4609 4274 4110 5446 5997 5444 6708 6138 6767 7385 7689 8272 9204 8608 9148 9770
24 499 124 397 1386 1888 1705 3163 3073 3386 3786 4243 3860 5547 5886 5842 7063 6216 6577 7386 8279 7525 8783 8532 8454
26 1005 86 825 1207 2055 2187 2898 3151 3546 4163 4104 4558 5268 5941 5903 6187 6913 6711 7387 8386 8187 8587 8625 9172 9891 9811
26 482 488 1174 1993 1394 1619 2901 3590 2647 3998 4097 4108 4894 5838 5221 6894 6288 7113 8380 8151 7822 8585 8910 8602 9654 9917
24 551 316 37 1682 1867 1838 3134 3512 3389 3789 4406 3688 5509 5852 5773 6001 6986 7075 7389 8179 7444 8799 9486 9380
26 630 1120 781 1778 2167 1923 2595 2495 3573 3790 3658 4176 5958 5147 5790 6102 7094 6845 7848 8117 7618 9057 9139 8897 9834 9668
24 530 1192 575 1382 1482 1937 2645 3125 3391 4254 4259 4178 5915 5252 4829 6620 6020 6991 7335 7906 7267 9027 9004 9391
25 535 1188 119 1392 2209 2192 3415 3427 2634 4652 4039 3787 4992 5250 5540 6294 7034 6586 7392 7384 7661 8603 8742 8971 9792
24 143 797 455 1286 2005 1664 3516 2790 2599 3793 4701 3993 5165 5675 5793 7115 6197 6547 8106 8344 8020 9388 9585 9393
26 194 406 994 2228 1606 1229 3335 2819 2990 3821 4359 4581 5548 4848 5755 7107 6610 6135 7383 7987 8194 9051 9192 9582 9794 9745
26 486 733 661 1395 1950 1435 3514 2849 3502 4184 4529 4403 5606 5581 5532 6984 6770 6995 7566 8244 8308 9396 9366 9155 9985 9935
26 1157 320 654 1696 1244 2254 2496 2588 2578 3796 4218 3736 5014 5175 5318 6782 6150 7045 8261 7796 8394 8596 8909 9222 9784 9821
25 197 128 409 1397 1338 1704 2518 3265 2438 4585 4005 3854 5507 5908 4905 6409 6994 6791 8239 8029 7607 8597 9011 8500 9797
25 1001 317 998 2158 1275 1809 3500 2412 2522 3881 4362 4088 5437 4879 5329 7027 6795 6378 7398 7908 8321 9041 8932 9060 9795
25 725 94 15 1280 2170 2153 2922 3185 3462 3799 4590 4599 5919 5944 5891 6098 6771 6493 7306 8320 7876 8659 9345 9592 9847
25 219 730 1063 1572 1603 2200 2600 2575 3400 3618 3853 4442 5940 4900 5249 6542 6793 6605 7434 7490 7554 9565 8866 8480 9602
24 536 587 16 1890 1649 2374 3000 2613 2871 3801 4748 3719 5945 5937 5801 6204 7050 7155 7942 8121 8083 8924 9290 9573
25 51 1043 1002 1402 1365 2202 3227 2433 3078 4656 3659 4393 4899 5037 5991 6761 7033 6739 8263 7260 8139 8733 8719 8828 9933
27 228 625 849 1770 1646 2070 2629 2462 2873 3870 4644 4618 4955 5470 5052 6203 6146 7058 7889 7537 8284 8562 8763 9403 9803 9948 9934
24 204 899 992 2026 1505 2204 2554 2566 2559 4273 4583 4370 5135 5978 5049 6680 6224 7187 7269 8217 7927 8622 9447 8873
24 39 545 578 1839 1622 1806 2511 3166 2636 3784 4576 3682 5005 5703 5805 6590 7144 6483 8012 7475 8309 8982 8592 9405
25 1058 889 1000 2163 2317 1845 2606 3302 3428 4145 4546 4210 5354 5091 5806 6411 6940 6017 7978 7235 8206 8606 8953 8560 9642
26 207 799 315 1407 1686 2191 2607 2552 3106 3807 4247 4073 5372 4989 5702 6840 6938 7007 7489 7712 8207 8607 8686 9223 9807 9972
25 604 74 603 1378 1292 2208 3413 2463 2989 4047 3656 3776 5008 5213 5647 6100 6738 6982 7408 7989 8160 9154 9246 9473 9910
27 209 949 461 1436 1848 2093 2486 2503 3409 4724 4219 4016 5736 5179 5586 6159 6425 7009 7547 8285 7836 8800 8851 8915 9809 9627 9798
24 856 918 422 1698 1910 1561 2824 2833 3401 4642 3966 4312 5942 5798 5410 6416 6570 7010 7801 7894 8172 8738 9199 8450
25 173 403 595 1236 1712 2216 2611 2604 3439 4405 3896 4554 5572 5420 4973 7074 6965 6762 7411 8167 8346 8611 8776 9411 9999
25 212 777 1165 1243 2146 2207 3189 2933 2558 3775 3999 4129 5012 5192 5654 6665 7032 6298 8051 7313 7666 9026 8404 9224 9693
25 177 648 217 1413 2015 1617 2453 3537 2956 4076 4525 4286 5346 5073 5004 6213 6915 6922 7413 7935 8213 8613 9147 9444 9653
24 744 1084 1087 2082 1651 1543 2417 2842 2915 3814 3613 4614 5076 5178 5637 6214 6887 7014 8103 8096 7332 9540 9490 9414
26 215 307 398 1415 2344 1988 2848 2414 2808 4534 4459 4615 5139 5530 5612 7096 7183 6765 7415 7567 8049 8615 9320 8879 9709 9988
25 34 914 1193 2168 2272 1302 2616 2460 3446 3816 3982 4458 5016 5748 5353 6643 6664 6875 7324 8032 8216 8914 8849 8519 9781
25 919 754 1017 1287 1694 2217 2760 3587 3417 4327 4619 3938 5636 4993 5455 6702 6996 6414 7240 8390 7627 8531 9255 8760 9688
27 225 1046 1018 2119 1949 2159 2409 2815 2550 4275 3634 4188 5711 5982 5818 6816 6282 6766 7710 7763 8348 8618 8820 9075 9609 9866 9819
24 221 193 1019 1952 2078 2219 3282 3241 3079 4092 4698 4337 5001 5695 5493 6219 7054 6476 7429 7252 7336 8619 8589 9089
25 341 1069 815 1420 1485 1887 3136 2591 3083 4728 3692 4382 5471 5436 5541 6080 7152 7031 7826 7807 8087 9276 9053 9420 9889
25 354 387 368 1831 1599 2221 2593 3586 3416 4786 4515 3667 5955 4852 5821 6860 6686 6336 8392 7620 8116 8621 9050 8720 9856
26 675 473 33 1676 2010 1877 2796 2428 2897 3757 3919 3959 4925 5862 4961 6041 6475 6181 7422 7639 8222 8594 9151 9422 9829 9761
26 667 1064 772 1688 1881 2299 3091 2882 3108 3768 4270 4623 5023 4840 5379 7021 6162 7023 8146 7755 8129 8925 9097 8650 9788 9758
25 865 457 284 2169 1754 2224 2430 2701 3424 3824 4705 3831 5024 5678 5273 6854 6427 6482 7970 7511 7622 9069 9325 8794 9879
26 1021 169 731 2098 1405 2138 2625 2937 3544 3825 3823 4648 5854 5661 5825 7138 7136 6745 7371 8152 7576 9526 8826 9501 9825 9670
24 634 371 1146 1426 1298 1731 3006 2733 3426 3700 4373 4589 5466 5121 5826 6403 7005 6121 8356 7395 8226 8626 8818 9426
26 364 1134 1027 2117 2190 1493 2627 3412 3538 4083 4729 4379 4984 5728 5089 6236 6861 6503 7499 7682 7290 9523 9378 9472 9993 9918
25 496 255 80 2242 1879 2001 3505 3382 3111 3828 4769 4342 5314 5951 5765 6420 6549 6601 7428 8119 7268 9351 9101 9428 9827
24 229 191 583 1947 1325 2229 3473 2818 2793 3710 4784 4570 5732 5427 5860 6934 6935 7026 8153 8115 8125 9117 9342 8470
24 796 275 447 1355 1674 2230 3095 2856 3007 4794 4697 4630 5030 4964 5494 6695 7141 6468 7288 7540 8230 9090 8691 8586
25 18 269 352 1743 2118 1315 3022 3087 3431 4162 3640 4718 4985 4895 5831 6231 6196 6051 7683 7662 8291 8921 8636 8802 9630
25 1167 286 1171 2150 2320 1278 2632 3142 3432 4549 4440 4681 4825 5026 5608 6759 6002 6392 7432 8200 8232 9538 8854 9474 9842
24 788 1178 1168 1810 2380 2233 3161 3126 3297 3929 3707 3661 5339 5238 5833 6105 6953 6323 7842 7980 8295 9335 8774 8409
24 489 520 112 1869 1276 1655 2410 2408 2781 4190 3927 4233 4944 5356 5753 6158 6383 6237 7327 8204 7446 9432 9575 9434
27 476 464 504 1997 2234 1616 2959 2535 2444 4507 3880 3625 5389 5442 5168 6190 6184 6207 7852 7425 7249 9389 9513 9510 9656 9810 9897
26 643 10 1036 2359 1804 1684 3267 2546 2807 4012 3660 4077 5777 5097 4827 7057 6435 7036 7897 7669 7433 9182 8803 9581 9976 9865
24 721 71 1161 2102 1326 1702 3273 3390 3353 4789 4157 4264 5807 5085 5615 7148 7065 7137 7867 7517 7961 8998 9273 9167
27 369 843 820 1856 1484 1816 2534 2570 2946 3838 4011 3734 5712 5706 5212 6651 6961 7003 7443 8359 8282 9038 9576 8672 9838 9990 9791
26 929 607 481 1695 1318 2395 3530 2646 2822 3733 4118 4639 5039 5641 5574 6758 6028 6987 7439 7498 7981 9382 9170 9130 9813 9989
26 726 1075 338 1987 1224 1516 2859 3364 3193 4153 4711 4601 5040 4948 5857 6240 6070 6941 7932 8296 8063 9034 8944 8623 9840 9951
25 823 771 1041 2060 1593 1802 2705 2471 3349 3795 3972 4716 5849 5868 5972 6072 6090 6019 7904 8120 8215 8442 9109 8773 9691
24 184 388 513 1967 1514 1998 2642 2899 2621 4696 4734 3745 5021 5719 5141 7004 7056 7163 7626 7474 8245 8655 9427 8451
24 922 155 901 1319 1590 1576 2516 2853 2804 3843 4596 4486 4910 5957 4886 6831 7139 6693 7752 7455 7274 9306 9028 8507
24 138 664 1044 2301 2110 2244 2615 3041 3444 4329 4346 3673 5065 5196 5714 6244 6691 6923 8399 7513 8186 8902 8754 9505
24 651 561 243 1377 1985 2245 3327 3475 2949 3663 4785 4180 5299 5725 5845 7015 6352 6548 7445 7486 7971 8674 9470 8429
25 475 162 761 1880 1959 2284 2799 2541 2991 4107 4206 4299 5747 5789 5104 6528 6976 6044 8214 7649 7814 9284 8459 9561 9680
26 1060 847 695 1447 1900 2247 3243 2659 3114 4348 4709 4768 5047 5836 4931 6404 6437 6050 7447 7865 8044 8663 9563 8878 9742 9844
25 1138 230 649 2035 2309 2061 2648 3129 3346 3741 4631 3709 5697 4965 5783 6248 6142 6802 7448 7615 7963 9120 9556 8488 9919
26 1054 196 1078 1595 1679 1668 2981 3575 2805 3626 4791 4649 5169 5934 5409 6249 6749 7016 7744 8100 7263 8649 9542 8408 9849 9639
25 515 584 1050 2108 2072 2250 2679 3598 2644 4065 4633 4050 5323 4824 5739 6229 7117 6395 7538 7253 7879 9493 9007 9040 9965
24 766 982 1051 1421 1384 1496 2651 2774 2852 4093 4257 4651 5460 5456 5851 6724 6753 6579 8254 7495 7777 8529 8501 8643
25 936 876 36 1237 2045 1293 2584 3226 3501 4128 4000 4494 5198 5404 5776 6964 7060 7172 7452 7723 8368 8652 9518 8431 9754
25 253 1125 837 1787 1452 2253 2653 2689 2827 4624 4453 3974 5308 5256 5373 6469 6429 6688 7938 8158 7521 9212 8848 9453 9785
25 859 92 11 1454 1327 1925 2654 3131 2841 3629 4443 3647 5054 5204 5564 6543 6663 6591 7309 8300 8112 9355 9127 8822 9876
27 414 752 588 1527 1878 1654 2655 2745 3455 4263 4220 4186 5788 5745 5022 6167 7006 6740 7390 8061 8255 8498 8867 8841 9855 9623 9826
24 537 166 605 1843 1882 2256 3223 2947 2801 3855 4487 3809 5746 5503 5176 6678 6617 6179 7741 8208 7480 9104 8679 8637
26 257 745 591 1846 1999 1607 3063 2424 2547 3857 3720 3617 4898 5962 5412 7070 6653 6415 7322 7820 7956 8657 8836 9449 9857 9610
26 379 809 555 1458 1823 2258 2658 3336 3318 4161 3606 4658 5228 5983 5563 7022 6180 6681 7688 8148 7984 9049 9503 9458 9669 9787
25 82 836 1059 1323 2385 1294 3452 2698 3459 3770 3794 4659 5059 4962 5468 6270 6220 6531 7988 8371 8259 8572 8713 9353 9998
26 596 270 431 1614 2038 2112 2665 2514 3320 4415 4380 4660 5060 5306 4927 6896 6971 6623 7600 7301 8367 9506 8786 8590 9860 9699
25 670 1048 762 1870 1239 2261 2476 3001 2907 4268 3664 4009 5866 5839 5621 6639 7170 7020 7461 8079 8288 8857 9173 8416 9612
24 187 423 1062 1862 1427 1855 2784 2766 2536 4788 4411 4655 5062 5186 5785 6655 7089 7098 7653 7654 8278 8960 8401 9006
25 346 159 577 1463 2282 1581 3220 2682 3463 3863 4517 4638 5215 5143 5003 6263 6588 6792 7844 7205 7256 9073 8522 8458 9863
24 599 641 553 1896 1461 2264 2664 3433 2977 4632 4505 3636 5288 4940 5864 7082 6164 6136 7617 7524 7545 9485 8918 8801
26 265 999 1065 1465 1521 2265 2944 2976 3465 3903 4295 4548 5895 4828 5681 6265 6981 6631 7691 7815 7895 8767 9042 8706 9747 9768
26 951 614 1066 2137 1805 2266 2994 3217 3112 4483 4447 4478 4935 5261 5481 6266 6846 6005 7261 7887 7314 9102 9311 9401 9682 9804
26 267 1067 53 1467 2333 2267 2667 2895 3467 3619 3769 4004 5394 5425 5817 6609 6084 6426 8289 8341 8267 8667 8473 8980 9867 9744
24 968 644 569 1503 1932 2398 3213 3494 2563 3868 4085 4668 4994 4941 4942 6881 6239 7068 7791 7378 8130 9483 9140 9507
25 874 297 985 2340 2350 1852 2669 3143 2967 3869 4470 4661 5311 5088 5742 6269 6556 6351 7469 8250 8225 8901 9298 9227 9685
25 829 526 45 1470 2007 1455 2456 3165 2785 3803 3848 4466 5550 5515 5635 6895 6596 6763 7399 7536 8332 9146 9569 9122 9662
25 405 891 1131 1471 1332 2022 2567 3188 3094 4132 4087 4142 5188 5734 5871 6071 6193 7071 7766 8015 7462 8647 9455 8777 9871
26 272 271 558 1472 1525 1453 2680 2564 3180 4193 3699 3928 5309 5795 5872 6272 6012 6530 7380 8327 7449 9502 8514 9357 9872 9950
25 490 913 1073 2034 1205 2236 2622 3487 3398 4307 4229 4673 5993 5457 5084 6273 6443 6499 7405 7613 8065 9084 8464 8958 9833
25 498 224 770 1871 1251 1340 3311 2943 3515 3874 4052 4674 5380 5154 5562 6274 7093 6198 7722 7853 7660 8874 9369 8825 9816
25 1107 954 266 1641 2394 2179 2675 2748 3104 3716 4255 3861 5075 4844 5875 6287 6463 6225 7601 7227 7950 9178 8666 8676 9975
25 276 301 1076 2198 1745 1414 2676 2847 3224 3920 4242 4246 5546 5284 5556 6066 6040 6401 7914 7226 7589 8477 9591 8651 9921
24 277 233 710 1779 1545 1490 2609 2695 3477 3877 4149 3953 5390 5741 5932 6705 6538 6354 7603 7701 7628 9252 8821 9477
25 330 390 976 2377 1206 1723 3384 2855 2862 4241 4736 3889 5304 5542 5570 6278 6046 7078 7735 7350 7349 8678 9480 9296 9995
25 540 168 1153 2087 2144 1401 2773 2478 2802 3879 4212 4679 5278 5771 5475 7110 6907 6147 7982 7746 8283 9545 9271 9129 9962
25 280 1033 1016 1922 2106 2280 3499 3053 3086 4059 4037 4198 5080 5650 5607 6801 7182 6534 7681 7318 7977 9243 8993 9113 9757
25 281 888 720 1481 1630 2381 2526 3221 3595 4340 3898 4168 5081 5486 5881 6788 6541 6692 8264 7907 8303 9415 9352 8770 9665
25 598 817 546 1948 2393 2031 3248 2441 3480 4036 3983 4682 4999 4841 5882 6851 6027 6980 7442 7753 7779 8779 8824 9482 9799
25 358 973 801 1462 1309 1875 2794 2916 2772 4498 4646 3612 5046 5325 5883 7154 6461 6464 7483 7375 7854 8684 8701 8930 9695
24 548 326 948 1380 2346 1680 2911 3264 3484 3884 3743 4527 5377 5274 5145 6284 6059 6230 7484 7534 7726 9256 8765 9484
25 1088 877 1085 2315 1767 2092 2421 3306 3485 3994 4683 3621 5117 5368 5482 6661 6148 7085 7251 7721 7465 9598 9439 8677 9885
24 450 800 586 1486 1672 1473 3155 3012 3354 4610 4261 4686 5629 5754 5034 6520 6510 6999 7976 7558 8286 8696 8894 8844
26 273 903 528 2128 2270 2278 3196 3190 3258 3887 4653 4687 5363 5269 5887 6822 6208 6553 7487 8053 7560 8632 8445 8872 9839 9824
25 4 440 1176 1980 2382 1439 3102 3202 2723 3888 4591 4072 5280 4884 5267 6613 6744 6075 7488 7548 7806 8954 8860 8936 9888
25 186 427 628 1489 1334 1569 3016 2900 3489 4106 3957 4689 5393 4934 5835 6289 6850 6885 8031 7254 8333 8761 9416 8840 9724
26 753 568 1090 2352 1721 2257 3054 2672 3490 3890 3822 4316 5981 5197 5275 6129 6582 7090 7671 7492 7818 9179 8524 8787 9697 9746
26 444 581 593 2032 2237 1746 3578 2928 3495 4523 4171 4231 5207 4949 4826 6604 6489 6568 7491 7596 7793 9056 8940 8942 9822 9862
25 715 63 1166 1492 1653 2143 3556 2940 3338 4067 3684 3866 5693 4929 5331 7037 7080 6644 8373 7885 7584 8797 9350 9492 9892
25 293 386 142 2275 1930 1683 2542 3441 3493 3662 4520 3603 5093 5231 5050 6487 6376 6904 7493 7606 8294 8653 8725 9328 9864
26 393 960 620 1744 2332 1701 2674 2459 3300 3894 4121 4694 5921 5965 5894 7114 7123 7132 8196 8001 7886 8694 8648 9494 9608 9732
24 1187 122 433 1211 1902 2295 3519 3365 3178 3895 4049 4148 5095 5343 5600 6877 6565 6286 7787 7866 7808 8952 9468 9495
26 296 416 1128 1671 1218 1282 3513 3140 3496 3678 3802 4103 5194 5843 4991 6979 7092 6808 8354 7998 8223 9240 9115 8814 9896 9684
24 361 763 1097 1497 1400 1240 3423 2836 2826 3897 3781 4430 5294 5312 5543 7169 6704 7088 8370 7454 8331 9261 9310 9524
25 421 9 1098 1423 1536 2298 2439 2404 3090 3958 4635 3951 5452 5219 4864 6372 6433 6363 7542 7363 8298 8882 8721 8975 9939
26 492 44 1156 1591 2166 2122 3013 3175 2402 3677 4767 4042 5837 5968 5634 6966 6043 6871 8017 8102 8299 8729 9348 9590 9925 9755
26 300 250 59 1500 2109 1813 2700 3023 3039 4389 4680 4056 5565 5551 5596 6494 6670 7100 8007 7621 8326 9165 9589 9500 9900 9617
24 696 1047 1101 1501 1854 1580 2448 3406 2888 4230 4530 4007 5415 5142 5901 6301 7184 7101 7501 7242 8323 9063 9554 8969
25 5 589 1102 1502 2171 1776 3326 2635 2485 4124 3905 4747 4875 5879 4903 6036 7168 7102 7997 8227 7431 8771 9230 8654 9763
24 521 791 1057 2142 2279 2303 2703 2449 3177 4113 3600 3622 5403 5237 5187 7035 6857 6039 7503 7453 8150 9176 9517 8994
25 1035 637 418 1914 2080 2304 2704 2626 3551 4364 3865 3847 5137 5243 5687 6304 6925 6335 8273 8315 8304 9029 8695 8829 9904
25 774 969 1105 1956 1387 2155 2825 2973 2713 4670 4030 4156 5002 5395 5200 6241 6717 6712 7505 7624 7634 8664 9417 8693 9737
24 442 519 566 1506 1815 1349 2706 2749 3555 4552 4573 4098 5258 5017 5163 6306 6509 6903 7373 7531 8144 9555 8989 9061
24 1056 1037 199 1507 1727 1793 2864 2523 3036 3878 4756 4201 5758 4823 5704 6307 6261 6796 7507 7690 8307 9497 9169 9390
24 967 441 1034 1508 2324 1969 3118 2517 3184 3875 4433 3705 5108 5107 5487 6065 7190 7108 7733 7974 7786 8758 8673 9086
25 211 424 1109 1363 2222 1564 2545 3425 2598 3627 3836 4374 5171 5445 5246 6309 6408 6576 7509 7920 7608 9087 9015 9354 9928
25 97 376 511 1835 1801 1203 2921 3549 3247 3910 3703 4224 5599 4873 5910 7177 6581 6779 7837 8246 7805 8796 9519 9515 9649
26 629 943 962 1790 1266 1699 2714 2975 3132 4154 3616 4060 5233 5454 5911 6311 6118 6025 7344 7376 7237 9232 9062 8943 9689 9640
24 1117 900 532 2318 1411 1821 3287 3127 3574 4356 3840 4712 5529 5490 5912 6666 6076 6215 8168 8379 8312 9448 8981 9067
25 635 227 1113 1513 2356 2313 3097 3393 3182 4395 4628 4222 5859 4862 5756 7046 6048 6124 8301 7523 8174 8931 8979 9233 9913
24 13 935 1114 1634 2135 1346 3236 2401 2968 4240 3817 4671 5775 5808 5914 6314 6958 7149 7514 7883 8314 8639 9459 8577
25 41 1092 853 1663 1662 1546 2715 3056 2603 3915 3763 4715 5292 4932 5476 6380 6634 6049 8188 7391 8077 9105 9419 9226 9707
24 789 751 678 1357 2369 1558 2411 3451 2605 3697 4559 4485 4807 5782 5408 6316 6047 6149 7861 7565 7588 8614 9304 9185
26 67 1159 559 2151 2370 1438 2816 2531 3517 4678 4637 4717 5257 5810 5917 6317 7129 6642 8035 7929 8317 9064 9206 8723 9652 9738
25 133 1106 484 1675 1341 1962 2678 2524 2431 3918 4223 4738 5118 5322 5918 6815 6607 7118 8110 8173 8318 9487 9137 8806 9771
24 319 676 617 1832 1252 1308 2719 2702 2668 4078 4387 4719 4872 5680 5416 6319 6252 6458 8059 7773 8319 9195 9549 9078
25 1015 1026 1172 1828 1629 1915 2720 3403 3032 4587 4287 4537 5925 5297 5263 7105 6526 7120 7520 7259 8242 9584 9274 9520 9671
24 375 237 626 2314 1786 2105 2983 2764 2494 4758 4588 4721 5092 5369 5677 6864 6928 6710 8165 8339 7756 9297 8809 8620
24 322 64 1175 1285 1638 2268 2722 2502 3387 3922 4174 4665 5122 5448 5120 6723 6823 6931 7774 8240 7672 9092 8740 9327
26 415 840 410 2354 2203 1714 2780 3385 3260 4793 4136 4165 5123 5922 5923 6456 6880 6058 7437 7264 7347 8722 9184 9410 9772 9762
26 324 201 1155 2071 1477 1982 2437 2499 2687 3924 4015 4028 5124 5007 5924 6742 7030 6253 7769 8164 7272 8724 9207 9512 9924 9667
24 991 1012 764 1909 2248 2336 2725 2963 3525 3996 4720 4075 5125 5686 5227 6325 7083 6137 8260 7739 7967 8556 9466 9164
26 653 478 1126 1419 1612 2206 2596 3454 3526 3926 3774 4482 5126 5535 5792 6326 6082 7126 7296 8287 7696 9267 9211 8711 9926 9658
24 775 105 930 2160 2199 1284 2727 2837 2685 4600 3645 4727 5247 5111 5397 6110 6417 7127 7515 7676 8381 8727 9138 8415
24 135 915 130 1765 1200 1789 3215 3314 3528 4071 4676 4126 5371 5298 5928 6328 6345 6755 7583 8067 8328 8628 9024 8937
24 329 48 640 2052 1535 1794 3160 3535 3529 4338 4684 4731 5848 5878 5724 6329 6533 6034 7529 8014 7646 8823 9379 9529
25 910 989 1130 1718 1986 1906 3399 3242 2692 4227 4035 4730 5130 4939 5930 6615 7192 6151 8233 8343 8330 9334 8945 9316 9713
26 331 303 739 1633 1762 1860 2610 3235 3531 4290 4347 4657 5360 4913 4891 6331 6597 6626 8396 8352 7730 8731 8876 9531 9606 9956
26 332 1103 738 1919 1373 1927 2729 2754 2910 4532 4114 3856 5099 5815 5310 6202 6222 6452 7946 8042 8335 8732 8717 9009 9702 9853
24 701 871 1133 1258 1620 1960 3052 2551 3533 4593 4413 3980 5499 5841 5428 6689 6467 6842 7623 7643 7457 9156 9465 9533
24 602 812 1137 1534 2269 2334 2587 2924 3534 3934 3886 4538 5733 5077 5759 6068 6879 6600 7737 7983 7802 9580 9054 9253
25 335 261 463 2058 1631 1689 3553 3171 2628 3771 4462 3804 5386 5794 5479 6042 7173 6495 7922 8363 7632 8735 9475 9161 9843
26 1121 452 1136 2327 1235 1520 2724 2480 3218 4355 4147 4310 5889 5603 5936 6889 6775 7147 7468 7947 8055 9191 9489 9314 9936 9716
25 337 1052 685 1874 2326 1970 2890 3448 3593 4744 3835 4737 4883 5893 5433 6500 6827 6838 7772 7916 7247 9372 8847 9013 9937
25 459 1072 192 1460 1303 2019 2738 2776 2930 4516 4134 4152 5289 5985 5260 6104 6514 6673 7345 7506 8142 8812 8911 8967 9971
24 198 254 822 2223 2115 2130 2965 2474 2962 3646 4650 4294 5610 5336 5251 6638 6004 6442 7494 8178 8310 8483 8792 9539
24 531 178 127 1540 1822 1213 2740 3209 3225 3940 3777 4740 4882 5383 4981 6728 6055 6558 7995 8022 7353 9595 9597 9039
26 72 978 420 2347 2004 2341 2881 2820 2422 3941 4617 4662 5827 5614 5451 6054 6168 6734 8089 7921 8060 9488 9574 9578 9941 9929
26 342 1007 966 1978 2212 2342 2568 3456 3447 4421 4027 4742 5791 5018 5367 6014 7160 6340 7692 7401 8342 8447 8702 8859 9802 9636
25 343 556 438 2311 2182 2127 2743 3589 2987 3859 4159 3826 5539 5952 5943 6343 7193 6466 7650 7321 7918 8743 8807 8551 9790
26 344 765 1144 1544 2033 2116 2652 2661 2572 4120 4692 3611 5144 5954 5554 7029 7103 7081 7544 7953 7612 9091 9543 8997 9944 9828
25 671 1169 782 2006 1819 2345 3329 2769 3062 4414 4621 4745 4813 5338 5797 7061 7189 7145 7394 7936 8091 8745 8490 8790 9878
25 93 509 1170 2292 2021 1360 2510 2488 2638 4019 3772 4571 5828 5324 5946 6127 6721 7133 7438 7864 7658 8746 9412 9546 9718
24 400 990 1147 1547 1383 1410 3483 3277 2908 3760 3672 4561 5488 5396 5182 6347 6955 6217 8181 8190 7602 9065 8775 9070
25 1149 631 195 1379 1450 1542 3341 3274 2750 3762 3748 4086 5319 5402 5241 6185 6015 6106 7957 7279 8350 9443 8778 8420 9664
24 467 642 547 1549 2065 1859 2876 2670 2671 3978 4436 3943 5149 5616 5949 6349 7042 6936 7549 8003 8349 8856 8697 9407
25 508 692 279 1995 2322 1522 2436 2699 3316 4216 4542 4750 5326 5103 5897 6052 6804 6308 7396 8384 7979 8750 9080 9550 9887
25 351 1111 480 1842 2125 1825 2751 2530 3594 4213 4091 4249 5514 5533 5114 6515 6103 7151 7551 7829 7522 8875 9368 8605 9817
26 523 220 401 1552 1367 2285 2752 3239 3552 3952 4002 4752 5270 5799 5628 6718 6674 6824 7209 7890 7409 9247 8804 8948 9952 9893
27 353 366 17 1636 1518 2271 2753 2498 3008 3945 4578 4251 5459 5757 5214 6083 6342 6170 8094 7811 7530 9270 9528 8819 9628 9712 9964
25 52 170 897 2235 2133 2339 3298 3145 2997 3954 4439 3782 4983 5458 5929 6480 6242 6594 8355 8209 7357 9079 9599 9047 9992
25 1139 1141 718 1613 1566 2240 2755 3130 2830 3808 4177 4755 5155 5129 5518 6633 6045 6339 7743 7720 7561 8578 9082 8541 9955
25 1152 1039 1008 1556 1720 1891 2756 3521 2792 4146 4397 3851 5156 5320 5674 6622 6031 7156 7556 7289 8009 8505 9322 9594 9852
24 357 188 940 1709 2132 1433 3307 3170 3116 3701 3651 3779 5618 5430 5157 6355 6993 6353 7575 7799 7255 9562 8898 9031
24 902 58 1143 1711 2211 1670 2747 2624 2892 4666 4343 3946 5705 5763 5800 6165 7112 6602 7616 7673 7964 8456 9491 9558
25 924 691 310 1495 1227 2107 3471 2828 2811 3936 3899 4592 5222 5469 5180 6571 7142 7159 7610 8382 7651 8759 9330 8845 9959
26 360 686 1096 1732 2213 1350 3482 2767 3560 3960 4557 4253 5160 5545 5960 7095 6226 6428 7784 7243 7597 8861 9158 9522 9960 9793
26 609 3 1028 2094 1331 1894 2761 2694 2869 3829 4572 4228 4842 5853 5961 6361 6144 6113 7843 8369 7860 8987 9454 9183 9961 9884
26 783 1115 381 1782 2194 2259 3377 2931 3358 3798 3650 4690 5440 5086 5291 6030 6821 6794 7562 7933 8126 8899 8570 8421 9734 9916
25 921 663 1068 1259 1597 2041 2763 3266 3397 3963 4407 4192 5760 5931 5963 6232 6205 6029 7518 7302 8265 8591 8996 9457 9963
24 907 164 208 1678 1783 1658 3319 3278 2618 4135 3906 4061 5096 5516 5585 6258 6276 7164 7414 7364 8364 8496 9442 8633
24 365 717 808 1565 1431 1771 2640 2742 3565 4551 4367 4195 5422 5820 5350 6365 6807 6679 7833 7472 8365 9456 8896 8977
25 380 339 68 2297 1957 1916 2986 2798 3566 4763 4102 4468 5152 5282 5611 6321 6751 6018 8140 7816 8366 9180 9244 9332 9966
25 153 1004 268 1399 2097 1539 2432 3374 2858 4511 4280 4341 5902 4809 5388 6954 6947 7040 7421 7679 7734 9198 9381 9567 9967
25 355 1142 432 1568 1939 1866 2768 3449 3568 3968 4790 4383 4971 5361 5321 6399 6465 6254 7954 7312 8133 8535 8949 9568 9841
27 869 819 172 2306 2399 1231 2708 2737 3542 4066 4707 3901 5378 5344 5657 6486 6199 6685 7569 7630 7798 8668 9425 9055 9969 9722 9720
26 190 120 413 1428 1691 1912 2576 3025 2838 3628 3797 4335 5170 5591 4831 6362 6625 6087 7846 7937 7845 8941 8962 9570 9899 9909
25 650 905 348 2195 1844 1728 3279 2455 3438 4381 4323 3813 5127 5796 5971 7176 6741 7171 8224 7986 7512 8573 9392 8423 9905
26 372 1053 1049 1582 1479 2372 2457 2736 3572 4139 4444 4757 5172 5989 5723 7119 6506 6123 8136 7273 8372 8520 8710 8670 9996 9912
25 512 950 803 1538 2193 2273 3360 3333 2429 3973 4404 4773 5173 5140 5699 6373 6948 7174 8143 8281 7500 9181 9430 8815 9725
26 107 1095 469 2086 1523 1775 3577 3098 3237 3722 4417 4090 4885 5880 5358 6374 6716 6750 7571 8109 8243 9033 9337 8791 9901 9846
25 525 445 794 2290 1422 1841 3219 3541 3253 4771 4465 4467 4968 5399 4810 6847 6525 6318 7418 8271 8149 9136 9460 9168 9637
25 349 305 734 1625 1575 1974 3139 3176 3356 4029 3873 4096 4904 5617 5148 6062 6387 6786 7218 7699 7926 8816 8704 8491 9994
25 258 1190 564 1577 2348 1883 2777 2560 2948 4566 3997 4288 5177 5869 5623 6377 6920 6441 7352 7258 8377 8784 8986 9596 9643
25 946 1055 570 1780 1626 2378 3205 2860 3254 3683 4579 4611 5101 5552 4950 6283 6988 6299 7578 8324 8378 8974 9321 8957 9869
26 163 826 203 1511 2067 2379 2779 3312 2712 3988 4455 4640 5975 5779 5295 6379 6554 6140 8137 7873 7424 8444 9547 9400 9979 9914
25 639 855 1180 2357 2215 2281 2726 2874 2896 4324 4636 4522 5332 5074 4814 6611 7130 6722 7840 7996 8185 9119 8455 9406 9973
25 205 860 1181 1548 1598 1661 3596 3084 3373 4024 4526 4349 5858 5300 5011 6381 6983 6608 7236 7360 7340 8781 8662 9421 9981
26 465 798 66 1512 2351 1476 3150 3152 2420 4300 4211 3657 4920 5685 5956 6422 6817 6578 7582 7587 7760 8912 8617 9032 9903 9741
25 793 821 1045 1499 1615 2088 2783 2492 3583 3726 4435 4783 5317 5362 5441 6737 6593 6099 7940 8023 7638 8511 8660 9583 9703
24 377 47 1184 1480 1531 1788 2886 2528 2446 3984 4448 4388 5431 5220 5984 6026 6172 6892 7539 7510 7636 9036 8916 8764
25 1129 669 1185 1585 1212 1792 2932 3045 2970 4308 4434 4394 4916 5153 5435 6460 6385 6173 7770 8050 7827 8785 9266 9187 9931
24 658 493 995 1618 1991 2100 3321 3458 2746 4140 3668 4116 4870 5772 5465 6386 6746 6472 7586 7338 8107 8895 8525 9462
24 259 510 906 1592 2329 2321 2440 2797 3138 4702 4358 4266 5898 4847 5933 6125 6450 6117 8228 7789 8387 8927 9469 8935
26 580 621 804 1370 1494 1464 3002 3027 3256 4345 4208 4555 5967 4922 5035 6154 6667 7087 7969 7471 7783 9000 8741 8988 9835 9873
26 835 321 683 2090 1781 2389 2919 3395 3420 4175 4634 4495 5959 5829 5028 7051 6929 6488 7962 8340 8389 8789 9157 8665 9786 9947
27 185 495 909 1928 2360 1268 3580 3419 2918 3729 4772 3714 5190 5492 5814 6652 6812 6478 7225 7930 7813 9294 9282 9587 9686 9607 9706
25 391 534 912 1560 2180 1795 3481 3503 2710 4164 4209 4046 5191 5064 5812 6419 6235 7191 7591 8205 8391 8558 8680 8938 9752
24 69 306 541 1972 1557 2238 3198 3015 3592 4271 4265 3970 5498 5058 5385 7012 6834 6973 8277 8046 7496 9471 8411 8601
25 579 110 1038 2057 1418 1429 3133 3411 2501 4563 4778 4207 5646 5538 5526 6393 6990 6774 7593 7276 7828 9228 9324 9593 9648
25 1024 1199 988 1751 1417 1904 3294 3579 2788 4262 4278 3670 5876 5571 5994 6305 6764 7011 7594 7477 7241 8465 8827 8736 9759
25 395 374 1195 1390 1984 1532 2795 3229 3405 4160 4645 4269 5015 5045 5590 6114 6440 6366 7595 7216 7694 8762 9118 8557 9832
25 12 1186 1196 1596 1437 2220 3208 2884 2660 4014 4647 4796 5472 5474 4816 6107 6250 7196 7706 7317 7611 8922 8612 9037 9874
25 1093 807 1197 1388 1601 2397 2717 3435 3597 4125 4354 4133 5938 5462 5691 6660 6016 7197 7319 8038 7994 8810 9035 9275 9731
24 627 824 1198 1299 1677 1811 2639 2475 3077 4352 4795 4798 5381 5302 5998 6233 6200 7198 7598 8138 7742 8798 8999 9018
24 399 917 23 1737 1300 1381 3089 3292 3599 4172 4200 4499 5199 5330 5158 6621 7109 7199 7910 7426 7745 8446 8919 9478
